time, rx, ry, rz, vx, vy, vz
0,0,0,1,0,0,0,
0.01,0,0,0.99995,0,0,-0.00999975,
0.02,0,0,0.9998,0,0,-0.0199985,
0.03,0,0,0.99955,0,0,-0.0299953,
0.04,0,0,0.9992,0,0,-0.039989,
0.05,0,0,0.99875,0,0,-0.0499788,
0.06,0,0,0.998201,0,0,-0.0599635,
0.07,0,0,0.997551,0,0,-0.0699423,
0.08,0,0,0.996802,0,0,-0.079914,
0.09,0,0,0.995953,0,0,-0.0898778,
0.1,0,0,0.995004,0,0,-0.0998326,
0.11,0,0,0.993956,0,0,-0.109777,
0.12,0,0,0.992809,0,0,-0.119711,
0.13,0,0,0.991562,0,0,-0.129633,
0.14,0,0,0.990216,0,0,-0.139542,
0.15,0,0,0.988771,0,0,-0.149437,
0.16,0,0,0.987227,0,0,-0.159317,
0.17,0,0,0.985585,0,0,-0.169181,
0.18,0,0,0.983844,0,0,-0.179028,
0.19,0,0,0.982004,0,0,-0.188857,
0.2,0,0,0.980066,0,0,-0.198668,
0.21,0,0,0.978031,0,0,-0.208458,
0.22,0,0,0.975897,0,0,-0.218228,
0.23,0,0,0.973666,0,0,-0.227976,
0.24,0,0,0.971338,0,0,-0.237701,
0.25,0,0,0.968912,0,0,-0.247402,
0.26,0,0,0.96639,0,0,-0.257078,
0.27,0,0,0.963771,0,0,-0.266729,
0.28,0,0,0.961055,0,0,-0.276353,
0.29,0,0,0.958244,0,0,-0.28595,
0.3,0,0,0.955336,0,0,-0.295518,
0.31,0,0,0.952333,0,0,-0.305056,
0.32,0,0,0.949235,0,0,-0.314564,
0.33,0,0,0.946042,0,0,-0.32404,
0.34,0,0,0.942754,0,0,-0.333484,
0.35,0,0,0.939372,0,0,-0.342895,
0.36,0,0,0.935896,0,0,-0.352271,
0.37,0,0,0.932327,0,0,-0.361612,
0.38,0,0,0.928664,0,0,-0.370917,
0.39,0,0,0.924908,0,0,-0.380185,
0.4,0,0,0.92106,0,0,-0.389415,
0.41,0,0,0.91712,0,0,-0.398606,
0.42,0,0,0.913088,0,0,-0.407757,
0.43,0,0,0.908965,0,0,-0.416867,
0.44,0,0,0.904751,0,0,-0.425936,
0.45,0,0,0.900446,0,0,-0.434962,
0.46,0,0,0.896052,0,0,-0.443944,
0.47,0,0,0.891567,0,0,-0.452882,
0.48,0,0,0.886994,0,0,-0.461775,
0.49,0,0,0.882332,0,0,-0.470622,
0.5,0,0,0.877582,0,0,-0.479421,
0.51,0,0,0.872743,0,0,-0.488173,
0.52,0,0,0.867818,0,0,-0.496876,
0.53,0,0,0.862806,0,0,-0.505529,
0.54,0,0,0.857708,0,0,-0.514131,
0.55,0,0,0.852523,0,0,-0.522683,
0.56,0,0,0.847254,0,0,-0.531182,
0.57,0,0,0.8419,0,0,-0.539627,
0.58,0,0,0.836461,0,0,-0.548019,
0.59,0,0,0.830939,0,0,-0.556356,
0.6,0,0,0.825334,0,0,-0.564637,
0.61,0,0,0.819647,0,0,-0.572862,
0.62,0,0,0.813877,0,0,-0.58103,
0.63,0,0,0.808026,0,0,-0.58914,
0.64,0,0,0.802094,0,0,-0.59719,
0.65,0,0,0.796082,0,0,-0.605181,
0.66,0,0,0.789991,0,0,-0.613111,
0.67,0,0,0.78382,0,0,-0.62098,
0.68,0,0,0.777571,0,0,-0.628787,
0.69,0,0,0.771244,0,0,-0.636531,
0.7,0,0,0.76484,0,0,-0.644212,
0.71,0,0,0.75836,0,0,-0.651828,
0.72,0,0,0.751804,0,0,-0.659379,
0.73,0,0,0.745172,0,0,-0.666864,
0.74,0,0,0.738466,0,0,-0.674282,
0.75,0,0,0.731687,0,0,-0.681633,
0.76,0,0,0.724834,0,0,-0.688915,
0.77,0,0,0.717908,0,0,-0.696129,
0.78,0,0,0.710911,0,0,-0.703273,
0.79,0,0,0.703843,0,0,-0.710347,
0.8,0,0,0.696704,0,0,-0.717349,
0.81,0,0,0.689496,0,0,-0.72428,
0.82,0,0,0.682219,0,0,-0.731139,
0.83,0,0,0.674873,0,0,-0.737924,
0.84,0,0,0.66746,0,0,-0.744636,
0.85,0,0,0.65998,0,0,-0.751273,
0.86,0,0,0.652435,0,0,-0.757835,
0.87,0,0,0.644824,0,0,-0.764322,
0.88,0,0,0.637148,0,0,-0.770732,
0.89,0,0,0.629409,0,0,-0.777064,
0.9,0,0,0.621607,0,0,-0.783319,
0.91,0,0,0.613743,0,0,-0.789496,
0.92,0,0,0.605817,0,0,-0.795594,
0.93,0,0,0.597831,0,0,-0.801612,
0.94,0,0,0.589785,0,0,-0.80755,
0.95,0,0,0.58168,0,0,-0.813408,
0.96,0,0,0.573517,0,0,-0.819184,
0.97,0,0,0.565296,0,0,-0.824878,
0.98,0,0,0.557019,0,0,-0.830489,
0.99,0,0,0.548686,0,0,-0.836018,
1,0,0,0.540299,0,0,-0.841463,
1.01,0,0,0.531857,0,0,-0.846823,
1.02,0,0,0.523362,0,0,-0.8521,
1.03,0,0,0.514815,0,0,-0.85729,
1.04,0,0,0.506217,0,0,-0.862396,
1.05,0,0,0.497567,0,0,-0.867415,
1.06,0,0,0.488868,0,0,-0.872347,
1.07,0,0,0.48012,0,0,-0.877192,
1.08,0,0,0.471324,0,0,-0.881949,
1.09,0,0,0.462481,0,0,-0.886618,
1.1,0,0,0.453592,0,0,-0.891198,
1.11,0,0,0.444657,0,0,-0.89569,
1.12,0,0,0.435678,0,0,-0.900091,
1.13,0,0,0.426656,0,0,-0.904403,
1.14,0,0,0.41759,0,0,-0.908624,
1.15,0,0,0.408483,0,0,-0.912754,
1.16,0,0,0.399335,0,0,-0.916794,
1.17,0,0,0.390147,0,0,-0.920741,
1.18,0,0,0.38092,0,0,-0.924596,
1.19,0,0,0.371655,0,0,-0.928359,
1.2,0,0,0.362353,0,0,-0.932029,
1.21,0,0,0.353015,0,0,-0.935606,
1.22,0,0,0.343641,0,0,-0.939089,
1.23,0,0,0.334233,0,0,-0.942479,
1.24,0,0,0.324791,0,0,-0.945774,
1.25,0,0,0.315317,0,0,-0.948974,
1.26,0,0,0.305812,0,0,-0.95208,
1.27,0,0,0.296276,0,0,-0.95509,
1.28,0,0,0.28671,0,0,-0.958005,
1.29,0,0,0.277116,0,0,-0.960825,
1.3,0,0,0.267494,0,0,-0.963548,
1.31,0,0,0.257845,0,0,-0.966174,
1.32,0,0,0.24817,0,0,-0.968704,
1.33,0,0,0.238471,0,0,-0.971138,
1.34,0,0,0.228747,0,0,-0.973474,
1.35,0,0,0.219001,0,0,-0.975712,
1.36,0,0,0.209233,0,0,-0.977854,
1.37,0,0,0.199444,0,0,-0.979897,
1.38,0,0,0.189635,0,0,-0.981842,
1.39,0,0,0.179807,0,0,-0.98369,
1.4,0,0,0.169961,0,0,-0.985438,
1.41,0,0,0.160099,0,0,-0.987089,
1.42,0,0,0.15022,0,0,-0.98864,
1.43,0,0,0.140326,0,0,-0.990093,
1.44,0,0,0.130418,0,0,-0.991447,
1.45,0,0,0.120497,0,0,-0.992701,
1.46,0,0,0.110564,0,0,-0.993857,
1.47,0,0,0.10062,0,0,-0.994913,
1.48,0,0,0.0906655,0,0,-0.995869,
1.49,0,0,0.0807023,0,0,-0.996726,
1.5,0,0,0.070731,0,0,-0.997483,
1.51,0,0,0.0607526,0,0,-0.99814,
1.52,0,0,0.0507682,0,0,-0.998698,
1.53,0,0,0.0407786,0,0,-0.999156,
1.54,0,0,0.030785,0,0,-0.999514,
1.55,0,0,0.0207884,0,0,-0.999771,
1.56,0,0,0.0107896,0,0,-0.999929,
1.57,0,0,0.000789785,0,0,-0.999987,
1.58,0,0,-0.00921013,0,0,-0.999945,
1.59,0,0,-0.0192091,0,0,-0.999803,
1.6,0,0,-0.0292062,0,0,-0.999561,
1.61,0,0,-0.0392003,0,0,-0.999219,
1.62,0,0,-0.0491906,0,0,-0.998777,
1.63,0,0,-0.0591759,0,0,-0.998235,
1.64,0,0,-0.0691553,0,0,-0.997593,
1.65,0,0,-0.0791277,0,0,-0.996852,
1.66,0,0,-0.0890923,0,0,-0.996011,
1.67,0,0,-0.099048,0,0,-0.99507,
1.68,0,0,-0.108994,0,0,-0.99403,
1.69,0,0,-0.118929,0,0,-0.99289,
1.7,0,0,-0.128852,0,0,-0.991652,
1.71,0,0,-0.138762,0,0,-0.990313,
1.72,0,0,-0.148658,0,0,-0.988876,
1.73,0,0,-0.158539,0,0,-0.98734,
1.74,0,0,-0.168405,0,0,-0.985706,
1.75,0,0,-0.178253,0,0,-0.983972,
1.76,0,0,-0.188084,0,0,-0.982141,
1.77,0,0,-0.197896,0,0,-0.980211,
1.78,0,0,-0.207688,0,0,-0.978183,
1.79,0,0,-0.21746,0,0,-0.976057,
1.8,0,0,-0.227209,0,0,-0.973834,
1.81,0,0,-0.236936,0,0,-0.971513,
1.82,0,0,-0.24664,0,0,-0.969095,
1.83,0,0,-0.256318,0,0,-0.96658,
1.84,0,0,-0.265971,0,0,-0.963969,
1.85,0,0,-0.275598,0,0,-0.961261,
1.86,0,0,-0.285196,0,0,-0.958457,
1.87,0,0,-0.294767,0,0,-0.955557,
1.88,0,0,-0.304308,0,0,-0.952562,
1.89,0,0,-0.313818,0,0,-0.949471,
1.9,0,0,-0.323297,0,0,-0.946286,
1.91,0,0,-0.332744,0,0,-0.943005,
1.92,0,0,-0.342157,0,0,-0.939631,
1.93,0,0,-0.351536,0,0,-0.936163,
1.94,0,0,-0.36088,0,0,-0.9326,
1.95,0,0,-0.370188,0,0,-0.928945,
1.96,0,0,-0.379459,0,0,-0.925197,
1.97,0,0,-0.388692,0,0,-0.921356,
1.98,0,0,-0.397886,0,0,-0.917423,
1.99,0,0,-0.407041,0,0,-0.913399,
2,0,0,-0.416154,0,0,-0.909283,
2.01,0,0,-0.425226,0,0,-0.905076,
2.02,0,0,-0.434256,0,0,-0.900778,
2.03,0,0,-0.443242,0,0,-0.896391,
2.04,0,0,-0.452184,0,0,-0.891914,
2.05,0,0,-0.46108,0,0,-0.887347,
2.06,0,0,-0.469931,0,0,-0.882692,
2.07,0,0,-0.478734,0,0,-0.877949,
2.08,0,0,-0.48749,0,0,-0.873118,
2.09,0,0,-0.496196,0,0,-0.868199,
2.1,0,0,-0.504854,0,0,-0.863194,
2.11,0,0,-0.51346,0,0,-0.858103,
2.12,0,0,-0.522016,0,0,-0.852925,
2.13,0,0,-0.530519,0,0,-0.847663,
2.14,0,0,-0.538969,0,0,-0.842315,
2.15,0,0,-0.547365,0,0,-0.836883,
2.16,0,0,-0.555707,0,0,-0.831368,
2.17,0,0,-0.563993,0,0,-0.82577,
2.18,0,0,-0.572222,0,0,-0.820088,
2.19,0,0,-0.580394,0,0,-0.814325,
2.2,0,0,-0.588509,0,0,-0.808481,
2.21,0,0,-0.596564,0,0,-0.802556,
2.22,0,0,-0.60456,0,0,-0.79655,
2.23,0,0,-0.612495,0,0,-0.790465,
2.24,0,0,-0.620369,0,0,-0.7843,
2.25,0,0,-0.628181,0,0,-0.778058,
2.26,0,0,-0.63593,0,0,-0.771737,
2.27,0,0,-0.643616,0,0,-0.765339,
2.28,0,0,-0.651237,0,0,-0.758865,
2.29,0,0,-0.658793,0,0,-0.752315,
2.3,0,0,-0.666283,0,0,-0.74569,
2.31,0,0,-0.673707,0,0,-0.73899,
2.32,0,0,-0.681063,0,0,-0.732216,
2.33,0,0,-0.688351,0,0,-0.725369,
2.34,0,0,-0.69557,0,0,-0.718449,
2.35,0,0,-0.70272,0,0,-0.711458,
2.36,0,0,-0.709799,0,0,-0.704395,
2.37,0,0,-0.716808,0,0,-0.697262,
2.38,0,0,-0.723745,0,0,-0.690059,
2.39,0,0,-0.730609,0,0,-0.682787,
2.4,0,0,-0.7374,0,0,-0.675447,
2.41,0,0,-0.744118,0,0,-0.66804,
2.42,0,0,-0.750761,0,0,-0.660565,
2.43,0,0,-0.757329,0,0,-0.653025,
2.44,0,0,-0.763822,0,0,-0.645419,
2.45,0,0,-0.770238,0,0,-0.637749,
2.46,0,0,-0.776577,0,0,-0.630015,
2.47,0,0,-0.782838,0,0,-0.622218,
2.48,0,0,-0.789021,0,0,-0.614358,
2.49,0,0,-0.795125,0,0,-0.606438,
2.5,0,0,-0.80115,0,0,-0.598456,
2.51,0,0,-0.807094,0,0,-0.590415,
2.52,0,0,-0.812958,0,0,-0.582315,
2.53,0,0,-0.818741,0,0,-0.574156,
2.54,0,0,-0.824441,0,0,-0.56594,
2.55,0,0,-0.830059,0,0,-0.557668,
2.56,0,0,-0.835595,0,0,-0.54934,
2.57,0,0,-0.841046,0,0,-0.540956,
2.58,0,0,-0.846414,0,0,-0.532519,
2.59,0,0,-0.851697,0,0,-0.524029,
2.6,0,0,-0.856894,0,0,-0.515486,
2.61,0,0,-0.862006,0,0,-0.506891,
2.62,0,0,-0.867032,0,0,-0.498246,
2.63,0,0,-0.871971,0,0,-0.489551,
2.64,0,0,-0.876823,0,0,-0.480807,
2.65,0,0,-0.881587,0,0,-0.472015,
2.66,0,0,-0.886263,0,0,-0.463176,
2.67,0,0,-0.890851,0,0,-0.45429,
2.68,0,0,-0.895349,0,0,-0.445359,
2.69,0,0,-0.899758,0,0,-0.436384,
2.7,0,0,-0.904077,0,0,-0.427364,
2.71,0,0,-0.908305,0,0,-0.418302,
2.72,0,0,-0.912443,0,0,-0.409199,
2.73,0,0,-0.916489,0,0,-0.400054,
2.74,0,0,-0.920444,0,0,-0.390869,
2.75,0,0,-0.924307,0,0,-0.381646,
2.76,0,0,-0.928077,0,0,-0.372384,
2.77,0,0,-0.931754,0,0,-0.363085,
2.78,0,0,-0.935339,0,0,-0.353749,
2.79,0,0,-0.938829,0,0,-0.344378,
2.8,0,0,-0.942226,0,0,-0.334973,
2.81,0,0,-0.945529,0,0,-0.325534,
2.82,0,0,-0.948737,0,0,-0.316063,
2.83,0,0,-0.95185,0,0,-0.30656,
2.84,0,0,-0.954868,0,0,-0.297026,
2.85,0,0,-0.957791,0,0,-0.287463,
2.86,0,0,-0.960617,0,0,-0.277871,
2.87,0,0,-0.963348,0,0,-0.268251,
2.88,0,0,-0.965982,0,0,-0.258605,
2.89,0,0,-0.96852,0,0,-0.248932,
2.9,0,0,-0.970961,0,0,-0.239235,
2.91,0,0,-0.973305,0,0,-0.229513,
2.92,0,0,-0.975551,0,0,-0.219769,
2.93,0,0,-0.9777,0,0,-0.210003,
2.94,0,0,-0.979751,0,0,-0.200215,
2.95,0,0,-0.981705,0,0,-0.190408,
2.96,0,0,-0.98356,0,0,-0.180582,
2.97,0,0,-0.985316,0,0,-0.170738,
2.98,0,0,-0.986974,0,0,-0.160876,
2.99,0,0,-0.988534,0,0,-0.150999,
3,0,0,-0.989994,0,0,-0.141106,
3.01,0,0,-0.991356,0,0,-0.131199,
3.02,0,0,-0.992618,0,0,-0.121279,
3.03,0,0,-0.993781,0,0,-0.111347,
3.04,0,0,-0.994845,0,0,-0.101404,
3.05,0,0,-0.995809,0,0,-0.0914508,
3.06,0,0,-0.996674,0,0,-0.0814884,
3.07,0,0,-0.997439,0,0,-0.0715179,
3.08,0,0,-0.998105,0,0,-0.0615401,
3.09,0,0,-0.99867,0,0,-0.0515563,
3.1,0,0,-0.999136,0,0,-0.0415672,
3.11,0,0,-0.999501,0,0,-0.0315741,
3.12,0,0,-0.999767,0,0,-0.0215777,
3.13,0,0,-0.999933,0,0,-0.0115792,
3.14,0,0,-0.999999,0,0,-0.00157955,
3.15,0,0,-0.999965,0,0,0.00842027,
3.16,0,0,-0.99983,0,0,0.0184192,
3.17,0,0,-0.999596,0,0,0.0284164,
3.18,0,0,-0.999262,0,0,0.0384107,
3.19,0,0,-0.998828,0,0,0.0484011,
3.2,0,0,-0.998294,0,0,0.0583867,
3.21,0,0,-0.99766,0,0,0.0683665,
3.22,0,0,-0.996927,0,0,0.0783394,
3.23,0,0,-0.996093,0,0,0.0883045,
3.24,0,0,-0.995161,0,0,0.0982608,
3.25,0,0,-0.994128,0,0,0.108207,
3.26,0,0,-0.992996,0,0,0.118143,
3.27,0,0,-0.991765,0,0,0.128067,
3.28,0,0,-0.990435,0,0,0.137978,
3.29,0,0,-0.989006,0,0,0.147875,
3.3,0,0,-0.987478,0,0,0.157757,
3.31,0,0,-0.985851,0,0,0.167624,
3.32,0,0,-0.984125,0,0,0.177474,
3.33,0,0,-0.982301,0,0,0.187306,
3.34,0,0,-0.980379,0,0,0.197119,
3.35,0,0,-0.978359,0,0,0.206913,
3.36,0,0,-0.976241,0,0,0.216686,
3.37,0,0,-0.974025,0,0,0.226437,
3.38,0,0,-0.971712,0,0,0.236166,
3.39,0,0,-0.969302,0,0,0.245871,
3.4,0,0,-0.966795,0,0,0.255552,
3.41,0,0,-0.964191,0,0,0.265207,
3.42,0,0,-0.96149,0,0,0.274835,
3.43,0,0,-0.958694,0,0,0.284436,
3.44,0,0,-0.955802,0,0,0.294008,
3.45,0,0,-0.952814,0,0,0.303551,
3.46,0,0,-0.949731,0,0,0.313064,
3.47,0,0,-0.946553,0,0,0.322546,
3.48,0,0,-0.94328,0,0,0.331995,
3.49,0,0,-0.939913,0,0,0.341411,
3.5,0,0,-0.936452,0,0,0.350792,
3.51,0,0,-0.932897,0,0,0.360139,
3.52,0,0,-0.929249,0,0,0.36945,
3.53,0,0,-0.925508,0,0,0.378724,
3.54,0,0,-0.921674,0,0,0.38796,
3.55,0,0,-0.917749,0,0,0.397157,
3.56,0,0,-0.913731,0,0,0.406314,
3.57,0,0,-0.909622,0,0,0.415431,
3.58,0,0,-0.905423,0,0,0.424506,
3.59,0,0,-0.901132,0,0,0.433539,
3.6,0,0,-0.896752,0,0,0.442528,
3.61,0,0,-0.892282,0,0,0.451474,
3.62,0,0,-0.887722,0,0,0.460374,
3.63,0,0,-0.883074,0,0,0.469228,
3.64,0,0,-0.878338,0,0,0.478035,
3.65,0,0,-0.873513,0,0,0.486794,
3.66,0,0,-0.868602,0,0,0.495504,
3.67,0,0,-0.863603,0,0,0.504165,
3.68,0,0,-0.858519,0,0,0.512776,
3.69,0,0,-0.853348,0,0,0.521335,
3.7,0,0,-0.848092,0,0,0.529843,
3.71,0,0,-0.842751,0,0,0.538297,
3.72,0,0,-0.837326,0,0,0.546697,
3.73,0,0,-0.831817,0,0,0.555043,
3.74,0,0,-0.826225,0,0,0.563333,
3.75,0,0,-0.82055,0,0,0.571567,
3.76,0,0,-0.814794,0,0,0.579744,
3.77,0,0,-0.808956,0,0,0.587862,
3.78,0,0,-0.803036,0,0,0.595922,
3.79,0,0,-0.797037,0,0,0.603923,
3.8,0,0,-0.790958,0,0,0.611863,
3.81,0,0,-0.7848,0,0,0.619742,
3.82,0,0,-0.778563,0,0,0.627558,
3.83,0,0,-0.772249,0,0,0.635312,
3.84,0,0,-0.765857,0,0,0.643003,
3.85,0,0,-0.759389,0,0,0.650629,
3.86,0,0,-0.752844,0,0,0.65819,
3.87,0,0,-0.746225,0,0,0.665686,
3.88,0,0,-0.739531,0,0,0.673114,
3.89,0,0,-0.732763,0,0,0.680476,
3.9,0,0,-0.725921,0,0,0.687769,
3.91,0,0,-0.719007,0,0,0.694994,
3.92,0,0,-0.712021,0,0,0.702149,
3.93,0,0,-0.704964,0,0,0.709234,
3.94,0,0,-0.697837,0,0,0.716248,
3.95,0,0,-0.690639,0,0,0.72319,
3.96,0,0,-0.683373,0,0,0.730061,
3.97,0,0,-0.676038,0,0,0.736858,
3.98,0,0,-0.668636,0,0,0.743581,
3.99,0,0,-0.661166,0,0,0.75023,
4,0,0,-0.653631,0,0,0.756804,
4.01,0,0,-0.64603,0,0,0.763302,
4.02,0,0,-0.638365,0,0,0.769724,
4.03,0,0,-0.630636,0,0,0.776069,
4.04,0,0,-0.622844,0,0,0.782337,
4.05,0,0,-0.614989,0,0,0.788526,
4.06,0,0,-0.607073,0,0,0.794636,
4.07,0,0,-0.599096,0,0,0.800667,
4.08,0,0,-0.59106,0,0,0.806618,
4.09,0,0,-0.582964,0,0,0.812488,
4.1,0,0,-0.57481,0,0,0.818277,
4.11,0,0,-0.566598,0,0,0.823984,
4.12,0,0,-0.55833,0,0,0.829608,
4.13,0,0,-0.550006,0,0,0.83515,
4.14,0,0,-0.541627,0,0,0.840608,
4.15,0,0,-0.533194,0,0,0.845982,
4.16,0,0,-0.524708,0,0,0.851272,
4.17,0,0,-0.516169,0,0,0.856476,
4.18,0,0,-0.507578,0,0,0.861595,
4.19,0,0,-0.498937,0,0,0.866628,
4.2,0,0,-0.490246,0,0,0.871573,
4.21,0,0,-0.481505,0,0,0.876432,
4.22,0,0,-0.472717,0,0,0.881203,
4.23,0,0,-0.463881,0,0,0.885886,
4.24,0,0,-0.454999,0,0,0.890481,
4.25,0,0,-0.446072,0,0,0.894986,
4.26,0,0,-0.437099,0,0,0.899402,
4.27,0,0,-0.428084,0,0,0.903728,
4.28,0,0,-0.419025,0,0,0.907963,
4.29,0,0,-0.409924,0,0,0.912108,
4.3,0,0,-0.400783,0,0,0.916162,
4.31,0,0,-0.391601,0,0,0.920124,
4.32,0,0,-0.38238,0,0,0.923993,
4.33,0,0,-0.373121,0,0,0.927771,
4.34,0,0,-0.363825,0,0,0.931456,
4.35,0,0,-0.354492,0,0,0.935047,
4.36,0,0,-0.345124,0,0,0.938545,
4.37,0,0,-0.335721,0,0,0.94195,
4.38,0,0,-0.326285,0,0,0.94526,
4.39,0,0,-0.316816,0,0,0.948475,
4.4,0,0,-0.307315,0,0,0.951596,
4.41,0,0,-0.297784,0,0,0.954621,
4.42,0,0,-0.288223,0,0,0.957551,
4.43,0,0,-0.278633,0,0,0.960386,
4.44,0,0,-0.269015,0,0,0.963124,
4.45,0,0,-0.259371,0,0,0.965766,
4.46,0,0,-0.2497,0,0,0.968311,
4.47,0,0,-0.240004,0,0,0.97076,
4.48,0,0,-0.230285,0,0,0.973111,
4.49,0,0,-0.220542,0,0,0.975365,
4.5,0,0,-0.210777,0,0,0.977522,
4.51,0,0,-0.200992,0,0,0.979581,
4.52,0,0,-0.191186,0,0,0.981542,
4.53,0,0,-0.181361,0,0,0.983404,
4.54,0,0,-0.171518,0,0,0.985169,
4.55,0,0,-0.161658,0,0,0.986835,
4.56,0,0,-0.151781,0,0,0.988402,
4.57,0,0,-0.141889,0,0,0.98987,
4.58,0,0,-0.131984,0,0,0.991239,
4.59,0,0,-0.122065,0,0,0.99251,
4.6,0,0,-0.112133,0,0,0.993681,
4.61,0,0,-0.102191,0,0,0.994752,
4.62,0,0,-0.0922384,0,0,0.995725,
4.63,0,0,-0.0822766,0,0,0.996597,
4.64,0,0,-0.0723065,0,0,0.99737,
4.65,0,0,-0.0623292,0,0,0.998043,
4.66,0,0,-0.0523456,0,0,0.998617,
4.67,0,0,-0.0423568,0,0,0.99909,
4.68,0,0,-0.0323638,0,0,0.999464,
4.69,0,0,-0.0223676,0,0,0.999737,
4.7,0,0,-0.0123691,0,0,0.999911,
4.71,0,0,-0.00236935,0,0,0.999985,
4.72,0,0,0.00763061,0,0,0.999958,
4.73,0,0,0.0176298,0,0,0.999832,
4.74,0,0,0.0276273,0,0,0.999606,
4.75,0,0,0.0376219,0,0,0.99928,
4.76,0,0,0.0476128,0,0,0.998853,
4.77,0,0,0.057599,0,0,0.998327,
4.78,0,0,0.0675794,0,0,0.997701,
4.79,0,0,0.077553,0,0,0.996976,
4.8,0,0,0.0875189,0,0,0.99615,
4.81,0,0,0.097476,0,0,0.995225,
4.82,0,0,0.107423,0,0,0.994201,
4.83,0,0,0.11736,0,0,0.993077,
4.84,0,0,0.127285,0,0,0.991854,
4.85,0,0,0.137197,0,0,0.990531,
4.86,0,0,0.147096,0,0,0.98911,
4.87,0,0,0.156979,0,0,0.98759,
4.88,0,0,0.166847,0,0,0.98597,
4.89,0,0,0.176699,0,0,0.984253,
4.9,0,0,0.186532,0,0,0.982437,
4.91,0,0,0.196347,0,0,0.980522,
4.92,0,0,0.206143,0,0,0.97851,
4.93,0,0,0.215918,0,0,0.976399,
4.94,0,0,0.225671,0,0,0.974191,
4.95,0,0,0.235401,0,0,0.971886,
4.96,0,0,0.245109,0,0,0.969484,
4.97,0,0,0.254791,0,0,0.966984,
4.98,0,0,0.264448,0,0,0.964388,
4.99,0,0,0.274079,0,0,0.961695,
5,0,0,0.283682,0,0,0.958906,
5.01,0,0,0.293257,0,0,0.956022,
5.02,0,0,0.302803,0,0,0.953041,
5.03,0,0,0.312318,0,0,0.949966,
5.04,0,0,0.321802,0,0,0.946795,
5.05,0,0,0.331254,0,0,0.94353,
5.06,0,0,0.340673,0,0,0.94017,
5.07,0,0,0.350057,0,0,0.936717,
5.08,0,0,0.359407,0,0,0.933169,
5.09,0,0,0.368721,0,0,0.929529,
5.1,0,0,0.377997,0,0,0.925795,
5.11,0,0,0.387236,0,0,0.921969,
5.12,0,0,0.396437,0,0,0.918051,
5.13,0,0,0.405597,0,0,0.91404,
5.14,0,0,0.414718,0,0,0.909939,
5.15,0,0,0.423796,0,0,0.905746,
5.16,0,0,0.432833,0,0,0.901463,
5.17,0,0,0.441826,0,0,0.89709,
5.18,0,0,0.450774,0,0,0.892627,
5.19,0,0,0.459678,0,0,0.888075,
5.2,0,0,0.468536,0,0,0.883433,
5.21,0,0,0.477347,0,0,0.878704,
5.22,0,0,0.48611,0,0,0.873887,
5.23,0,0,0.494824,0,0,0.868982,
5.24,0,0,0.50349,0,0,0.863991,
5.25,0,0,0.512104,0,0,0.858913,
5.26,0,0,0.520668,0,0,0.853749,
5.27,0,0,0.529179,0,0,0.848499,
5.28,0,0,0.537638,0,0,0.843165,
5.29,0,0,0.546043,0,0,0.837747,
5.3,0,0,0.554393,0,0,0.832245,
5.31,0,0,0.562687,0,0,0.826659,
5.32,0,0,0.570926,0,0,0.820991,
5.33,0,0,0.579107,0,0,0.815241,
5.34,0,0,0.587231,0,0,0.809409,
5.35,0,0,0.595295,0,0,0.803497,
5.36,0,0,0.603301,0,0,0.797504,
5.37,0,0,0.611246,0,0,0.791431,
5.38,0,0,0.619129,0,0,0.785279,
5.39,0,0,0.626951,0,0,0.779049,
5.4,0,0,0.63471,0,0,0.772741,
5.41,0,0,0.642406,0,0,0.766355,
5.42,0,0,0.650037,0,0,0.759893,
5.43,0,0,0.657604,0,0,0.753355,
5.44,0,0,0.665104,0,0,0.746741,
5.45,0,0,0.672539,0,0,0.740053,
5.46,0,0,0.679906,0,0,0.733291,
5.47,0,0,0.687204,0,0,0.726455,
5.48,0,0,0.694435,0,0,0.719547,
5.49,0,0,0.701595,0,0,0.712567,
5.5,0,0,0.708686,0,0,0.705515,
5.51,0,0,0.715706,0,0,0.698393,
5.52,0,0,0.722654,0,0,0.691202,
5.53,0,0,0.72953,0,0,0.683941,
5.54,0,0,0.736333,0,0,0.676611,
5.55,0,0,0.743062,0,0,0.669214,
5.56,0,0,0.749717,0,0,0.66175,
5.57,0,0,0.756297,0,0,0.65422,
5.58,0,0,0.762801,0,0,0.646625,
5.59,0,0,0.769229,0,0,0.638965,
5.6,0,0,0.775581,0,0,0.631241,
5.61,0,0,0.781854,0,0,0.623453,
5.62,0,0,0.78805,0,0,0.615604,
5.63,0,0,0.794166,0,0,0.607693,
5.64,0,0,0.800204,0,0,0.599721,
5.65,0,0,0.806161,0,0,0.591689,
5.66,0,0,0.812037,0,0,0.583598,
5.67,0,0,0.817833,0,0,0.575449,
5.68,0,0,0.823546,0,0,0.567242,
5.69,0,0,0.829178,0,0,0.558978,
5.7,0,0,0.834726,0,0,0.550659,
5.71,0,0,0.840191,0,0,0.542284,
5.72,0,0,0.845572,0,0,0.533855,
5.73,0,0,0.850868,0,0,0.525373,
5.74,0,0,0.856079,0,0,0.516839,
5.75,0,0,0.861205,0,0,0.508252,
5.76,0,0,0.866244,0,0,0.499615,
5.77,0,0,0.871197,0,0,0.490928,
5.78,0,0,0.876063,0,0,0.482191,
5.79,0,0,0.880841,0,0,0.473407,
5.8,0,0,0.885531,0,0,0.464575,
5.81,0,0,0.890132,0,0,0.455697,
5.82,0,0,0.894645,0,0,0.446773,
5.83,0,0,0.899068,0,0,0.437804,
5.84,0,0,0.903401,0,0,0.428792,
5.85,0,0,0.907644,0,0,0.419737,
5.86,0,0,0.911795,0,0,0.410639,
5.87,0,0,0.915856,0,0,0.401501,
5.88,0,0,0.919826,0,0,0.392323,
5.89,0,0,0.923703,0,0,0.383105,
5.9,0,0,0.927488,0,0,0.373849,
5.91,0,0,0.93118,0,0,0.364556,
5.92,0,0,0.934779,0,0,0.355226,
5.93,0,0,0.938284,0,0,0.345861,
5.94,0,0,0.941696,0,0,0.336461,
5.95,0,0,0.945013,0,0,0.327027,
5.96,0,0,0.948236,0,0,0.317561,
5.97,0,0,0.951365,0,0,0.308063,
5.98,0,0,0.954398,0,0,0.298534,
5.99,0,0,0.957335,0,0,0.288976,
6,0,0,0.960177,0,0,0.279388,
6.01,0,0,0.962923,0,0,0.269772,
6.02,0,0,0.965573,0,0,0.26013,
6.03,0,0,0.968126,0,0,0.250462,
6.04,0,0,0.970582,0,0,0.240768,
6.05,0,0,0.972941,0,0,0.23105,
6.06,0,0,0.975203,0,0,0.22131,
6.07,0,0,0.977367,0,0,0.211547,
6.08,0,0,0.979434,0,0,0.201763,
6.09,0,0,0.981403,0,0,0.191959,
6.1,0,0,0.983273,0,0,0.182135,
6.11,0,0,0.985045,0,0,0.172294,
6.12,0,0,0.986719,0,0,0.162435,
6.13,0,0,0.988294,0,0,0.15256,
6.14,0,0,0.98977,0,0,0.142669,
6.15,0,0,0.991147,0,0,0.132765,
6.16,0,0,0.992425,0,0,0.122847,
6.17,0,0,0.993604,0,0,0.112917,
6.18,0,0,0.994684,0,0,0.102975,
6.19,0,0,0.995664,0,0,0.0930237,
6.2,0,0,0.996544,0,0,0.0830626,
6.21,0,0,0.997325,0,0,0.0730933,
6.22,0,0,0.998006,0,0,0.0631166,
6.23,0,0,0.998587,0,0,0.0531337,
6.24,0,0,0.999069,0,0,0.0431454,
6.25,0,0,0.99945,0,0,0.0331528,
6.26,0,0,0.999732,0,0,0.0231569,
6.27,0,0,0.999913,0,0,0.0131586,
6.28,0,0,0.999995,0,0,0.0031591,
6.29,0,0,0.999977,0,0,-0.00684076,
6.3,0,0,0.999858,0,0,-0.0168399,
6.31,0,0,0.99964,0,0,-0.0268374,
6.32,0,0,0.999321,0,0,-0.0368322,
6.33,0,0,0.998903,0,0,-0.0468234,
6.34,0,0,0.998385,0,0,-0.0568098,
6.35,0,0,0.997767,0,0,-0.0667906,
6.36,0,0,0.997049,0,0,-0.0767646,
6.37,0,0,0.996232,0,0,-0.086731,
6.38,0,0,0.995315,0,0,-0.0966888,
6.39,0,0,0.994298,0,0,-0.106637,
6.4,0,0,0.993182,0,0,-0.116574,
6.41,0,0,0.991966,0,0,-0.1265,
6.42,0,0,0.990652,0,0,-0.136413,
6.43,0,0,0.989238,0,0,-0.146313,
6.44,0,0,0.987726,0,0,-0.156197,
6.45,0,0,0.986114,0,0,-0.166067,
6.46,0,0,0.984404,0,0,-0.175919,
6.47,0,0,0.982596,0,0,-0.185754,
6.48,0,0,0.980689,0,0,-0.195571,
6.49,0,0,0.978684,0,0,-0.205367,
6.5,0,0,0.976582,0,0,-0.215144,
6.51,0,0,0.974382,0,0,-0.224899,
6.52,0,0,0.972084,0,0,-0.234631,
6.53,0,0,0.969689,0,0,-0.24434,
6.54,0,0,0.967197,0,0,-0.254024,
6.55,0,0,0.964608,0,0,-0.263683,
6.56,0,0,0.961923,0,0,-0.273316,
6.57,0,0,0.959142,0,0,-0.282921,
6.58,0,0,0.956265,0,0,-0.292498,
6.59,0,0,0.953292,0,0,-0.302046,
6.6,0,0,0.950224,0,0,-0.311564,
6.61,0,0,0.947061,0,0,-0.32105,
6.62,0,0,0.943803,0,0,-0.330504,
6.63,0,0,0.940451,0,0,-0.339926,
6.64,0,0,0.937005,0,0,-0.349313,
6.65,0,0,0.933465,0,0,-0.358665,
6.66,0,0,0.929831,0,0,-0.367982,
6.67,0,0,0.926105,0,0,-0.377261,
6.68,0,0,0.922286,0,0,-0.386503,
6.69,0,0,0.918375,0,0,-0.395707,
6.7,0,0,0.914372,0,0,-0.40487,
6.71,0,0,0.910277,0,0,-0.413994,
6.72,0,0,0.906092,0,0,-0.423075,
6.73,0,0,0.901816,0,0,-0.432115,
6.74,0,0,0.89745,0,0,-0.441111,
6.75,0,0,0.892994,0,0,-0.450064,
6.76,0,0,0.888448,0,0,-0.458971,
6.77,0,0,0.883814,0,0,-0.467832,
6.78,0,0,0.879092,0,0,-0.476647,
6.79,0,0,0.874281,0,0,-0.485413,
6.8,0,0,0.869383,0,0,-0.494132,
6.81,0,0,0.864399,0,0,-0.502801,
6.82,0,0,0.859327,0,0,-0.511419,
6.83,0,0,0.85417,0,0,-0.519987,
6.84,0,0,0.848928,0,0,-0.528502,
6.85,0,0,0.8436,0,0,-0.536965,
6.86,0,0,0.838188,0,0,-0.545374,
6.87,0,0,0.832693,0,0,-0.553728,
6.88,0,0,0.827114,0,0,-0.562027,
6.89,0,0,0.821452,0,0,-0.57027,
6.9,0,0,0.815708,0,0,-0.578456,
6.91,0,0,0.809883,0,0,-0.586584,
6.92,0,0,0.803977,0,0,-0.594653,
6.93,0,0,0.79799,0,0,-0.602663,
6.94,0,0,0.791924,0,0,-0.610613,
6.95,0,0,0.785778,0,0,-0.618501,
6.96,0,0,0.779554,0,0,-0.626328,
6.97,0,0,0.773251,0,0,-0.634092,
6.98,0,0,0.766872,0,0,-0.641792,
6.99,0,0,0.760415,0,0,-0.649429,
7,0,0,0.753883,0,0,-0.657,
7.01,0,0,0.747275,0,0,-0.664506,
7.02,0,0,0.740593,0,0,-0.671946,
7.03,0,0,0.733836,0,0,-0.679318,
7.04,0,0,0.727007,0,0,-0.686622,
7.05,0,0,0.720104,0,0,-0.693857,
7.06,0,0,0.713129,0,0,-0.701024,
7.07,0,0,0.706084,0,0,-0.70812,
7.08,0,0,0.698967,0,0,-0.715145,
7.09,0,0,0.691781,0,0,-0.722099,
7.1,0,0,0.684525,0,0,-0.72898,
7.11,0,0,0.677201,0,0,-0.735789,
7.12,0,0,0.669809,0,0,-0.742524,
7.13,0,0,0.662351,0,0,-0.749185,
7.14,0,0,0.654826,0,0,-0.755771,
7.15,0,0,0.647235,0,0,-0.762281,
7.16,0,0,0.63958,0,0,-0.768715,
7.17,0,0,0.631861,0,0,-0.775072,
7.18,0,0,0.624079,0,0,-0.781352,
7.19,0,0,0.616234,0,0,-0.787553,
7.2,0,0,0.608328,0,0,-0.793676,
7.21,0,0,0.60036,0,0,-0.79972,
7.22,0,0,0.592333,0,0,-0.805683,
7.23,0,0,0.584247,0,0,-0.811566,
7.24,0,0,0.576102,0,0,-0.817368,
7.25,0,0,0.567899,0,0,-0.823088,
7.26,0,0,0.55964,0,0,-0.828725,
7.27,0,0,0.551325,0,0,-0.83428,
7.28,0,0,0.542954,0,0,-0.839752,
7.29,0,0,0.53453,0,0,-0.845139,
7.3,0,0,0.526052,0,0,-0.850442,
7.31,0,0,0.517521,0,0,-0.85566,
7.32,0,0,0.508938,0,0,-0.860792,
7.33,0,0,0.500305,0,0,-0.865838,
7.34,0,0,0.491622,0,0,-0.870798,
7.35,0,0,0.482889,0,0,-0.875671,
7.36,0,0,0.474108,0,0,-0.880456,
7.37,0,0,0.46528,0,0,-0.885152,
7.38,0,0,0.456405,0,0,-0.889761,
7.39,0,0,0.447485,0,0,-0.89428,
7.4,0,0,0.43852,0,0,-0.89871,
7.41,0,0,0.429511,0,0,-0.903051,
7.42,0,0,0.420459,0,0,-0.9073,
7.43,0,0,0.411365,0,0,-0.911459,
7.44,0,0,0.402229,0,0,-0.915527,
7.45,0,0,0.393054,0,0,-0.919504,
7.46,0,0,0.383839,0,0,-0.923388,
7.47,0,0,0.374586,0,0,-0.92718,
7.48,0,0,0.365296,0,0,-0.93088,
7.49,0,0,0.355969,0,0,-0.934486,
7.5,0,0,0.346606,0,0,-0.937999,
7.51,0,0,0.337209,0,0,-0.941418,
7.52,0,0,0.327778,0,0,-0.944743,
7.53,0,0,0.318314,0,0,-0.947974,
7.54,0,0,0.308818,0,0,-0.951109,
7.55,0,0,0.299292,0,0,-0.95415,
7.56,0,0,0.289735,0,0,-0.957095,
7.57,0,0,0.28015,0,0,-0.959944,
7.58,0,0,0.270536,0,0,-0.962698,
7.59,0,0,0.260896,0,0,-0.965355,
7.6,0,0,0.251229,0,0,-0.967916,
7.61,0,0,0.241537,0,0,-0.970379,
7.62,0,0,0.231822,0,0,-0.972746,
7.63,0,0,0.222083,0,0,-0.975016,
7.64,0,0,0.212321,0,0,-0.977188,
7.65,0,0,0.202539,0,0,-0.979262,
7.66,0,0,0.192736,0,0,-0.981238,
7.67,0,0,0.182914,0,0,-0.983117,
7.68,0,0,0.173074,0,0,-0.984897,
7.69,0,0,0.163216,0,0,-0.986578,
7.7,0,0,0.153342,0,0,-0.988161,
7.71,0,0,0.143453,0,0,-0.989645,
7.72,0,0,0.133549,0,0,-0.99103,
7.73,0,0,0.123632,0,0,-0.992316,
7.74,0,0,0.113703,0,0,-0.993502,
7.75,0,0,0.103762,0,0,-0.99459,
7.76,0,0,0.0938112,0,0,-0.995578,
7.77,0,0,0.0838507,0,0,-0.996466,
7.78,0,0,0.0738818,0,0,-0.997255,
7.79,0,0,0.0639056,0,0,-0.997943,
7.8,0,0,0.053923,0,0,-0.998533,
7.81,0,0,0.0439349,0,0,-0.999022,
7.82,0,0,0.0339425,0,0,-0.999411,
7.83,0,0,0.0239467,0,0,-0.999701,
7.84,0,0,0.0139485,0,0,-0.99989,
7.85,0,0,0.00394892,0,0,-0.99998,
7.86,0,0,-0.00605108,0,0,-0.999969,
7.87,0,0,-0.0160505,0,0,-0.999859,
7.88,0,0,-0.0260483,0,0,-0.999648,
7.89,0,0,-0.0360434,0,0,-0.999338,
7.9,0,0,-0.046035,0,0,-0.998927,
7.91,0,0,-0.056022,0,0,-0.998417,
7.92,0,0,-0.0660033,0,0,-0.997807,
7.93,0,0,-0.0759781,0,0,-0.997097,
7.94,0,0,-0.0859453,0,0,-0.996287,
7.95,0,0,-0.0959039,0,0,-0.995378,
7.96,0,0,-0.105853,0,0,-0.994369,
7.97,0,0,-0.115791,0,0,-0.993261,
7.98,0,0,-0.125718,0,0,-0.992054,
7.99,0,0,-0.135632,0,0,-0.990747,
8,0,0,-0.145533,0,0,-0.989341,
8.01,0,0,-0.155419,0,0,-0.987836,
8.02,0,0,-0.16529,0,0,-0.986233,
8.03,0,0,-0.175144,0,0,-0.984531,
8.04,0,0,-0.18498,0,0,-0.98273,
8.05,0,0,-0.194798,0,0,-0.980831,
8.06,0,0,-0.204597,0,0,-0.978834,
8.07,0,0,-0.214375,0,0,-0.976739,
8.08,0,0,-0.224132,0,0,-0.974547,
8.09,0,0,-0.233866,0,0,-0.972257,
8.1,0,0,-0.243577,0,0,-0.969869,
8.11,0,0,-0.253263,0,0,-0.967385,
8.12,0,0,-0.262925,0,0,-0.964804,
8.13,0,0,-0.272559,0,0,-0.962127,
8.14,0,0,-0.282167,0,0,-0.959353,
8.15,0,0,-0.291747,0,0,-0.956484,
8.16,0,0,-0.301297,0,0,-0.953518,
8.17,0,0,-0.310817,0,0,-0.950458,
8.18,0,0,-0.320306,0,0,-0.947302,
8.19,0,0,-0.329763,0,0,-0.944052,
8.2,0,0,-0.339187,0,0,-0.940707,
8.21,0,0,-0.348577,0,0,-0.937268,
8.22,0,0,-0.357932,0,0,-0.933736,
8.23,0,0,-0.367252,0,0,-0.93011,
8.24,0,0,-0.376535,0,0,-0.926391,
8.25,0,0,-0.38578,0,0,-0.922579,
8.26,0,0,-0.394986,0,0,-0.918676,
8.27,0,0,-0.404153,0,0,-0.91468,
8.28,0,0,-0.41328,0,0,-0.910593,
8.29,0,0,-0.422365,0,0,-0.906415,
8.3,0,0,-0.431408,0,0,-0.902146,
8.31,0,0,-0.440408,0,0,-0.897787,
8.32,0,0,-0.449364,0,0,-0.893338,
8.33,0,0,-0.458275,0,0,-0.8888,
8.34,0,0,-0.46714,0,0,-0.884172,
8.35,0,0,-0.475958,0,0,-0.879457,
8.36,0,0,-0.484729,0,0,-0.874654,
8.37,0,0,-0.493451,0,0,-0.869763,
8.38,0,0,-0.502124,0,0,-0.864785,
8.39,0,0,-0.510747,0,0,-0.85972,
8.4,0,0,-0.519319,0,0,-0.85457,
8.41,0,0,-0.527838,0,0,-0.849334,
8.42,0,0,-0.536305,0,0,-0.844014,
8.43,0,0,-0.544719,0,0,-0.838608,
8.44,0,0,-0.553077,0,0,-0.833119,
8.45,0,0,-0.561381,0,0,-0.827547,
8.46,0,0,-0.569628,0,0,-0.821892,
8.47,0,0,-0.577819,0,0,-0.816155,
8.48,0,0,-0.585951,0,0,-0.810336,
8.49,0,0,-0.594026,0,0,-0.804436,
8.5,0,0,-0.60204,0,0,-0.798456,
8.51,0,0,-0.609995,0,0,-0.792396,
8.52,0,0,-0.617888,0,0,-0.786256,
8.53,0,0,-0.62572,0,0,-0.780038,
8.54,0,0,-0.633489,0,0,-0.773742,
8.55,0,0,-0.641195,0,0,-0.767369,
8.56,0,0,-0.648836,0,0,-0.760919,
8.57,0,0,-0.656413,0,0,-0.754392,
8.58,0,0,-0.663924,0,0,-0.747791,
8.59,0,0,-0.671369,0,0,-0.741114,
8.6,0,0,-0.678746,0,0,-0.734364,
8.61,0,0,-0.686056,0,0,-0.72754,
8.62,0,0,-0.693297,0,0,-0.720643,
8.63,0,0,-0.700469,0,0,-0.713674,
8.64,0,0,-0.707571,0,0,-0.706634,
8.65,0,0,-0.714602,0,0,-0.699523,
8.66,0,0,-0.721561,0,0,-0.692342,
8.67,0,0,-0.728448,0,0,-0.685092,
8.68,0,0,-0.735263,0,0,-0.677774,
8.69,0,0,-0.742004,0,0,-0.670387,
8.7,0,0,-0.748671,0,0,-0.662934,
8.71,0,0,-0.755263,0,0,-0.655414,
8.72,0,0,-0.761779,0,0,-0.647829,
8.73,0,0,-0.768219,0,0,-0.640179,
8.74,0,0,-0.774583,0,0,-0.632465,
8.75,0,0,-0.780868,0,0,-0.624688,
8.76,0,0,-0.787076,0,0,-0.616848,
8.77,0,0,-0.793205,0,0,-0.608947,
8.78,0,0,-0.799255,0,0,-0.600984,
8.79,0,0,-0.805225,0,0,-0.592962,
8.8,0,0,-0.811114,0,0,-0.58488,
8.81,0,0,-0.816923,0,0,-0.57674,
8.82,0,0,-0.822649,0,0,-0.568542,
8.83,0,0,-0.828294,0,0,-0.560287,
8.84,0,0,-0.833855,0,0,-0.551977,
8.85,0,0,-0.839333,0,0,-0.543611,
8.86,0,0,-0.844727,0,0,-0.53519,
8.87,0,0,-0.850037,0,0,-0.526717,
8.88,0,0,-0.855262,0,0,-0.51819,
8.89,0,0,-0.860401,0,0,-0.509612,
8.9,0,0,-0.865454,0,0,-0.500983,
8.91,0,0,-0.87042,0,0,-0.492303,
8.92,0,0,-0.8753,0,0,-0.483575,
8.93,0,0,-0.880092,0,0,-0.474798,
8.94,0,0,-0.884796,0,0,-0.465973,
8.95,0,0,-0.889411,0,0,-0.457102,
8.96,0,0,-0.893938,0,0,-0.448185,
8.97,0,0,-0.898375,0,0,-0.439224,
8.98,0,0,-0.902722,0,0,-0.430218,
8.99,0,0,-0.906979,0,0,-0.42117,
9,0,0,-0.911146,0,0,-0.412079,
9.01,0,0,-0.915221,0,0,-0.402947,
9.02,0,0,-0.919205,0,0,-0.393775,
9.03,0,0,-0.923096,0,0,-0.384564,
9.04,0,0,-0.926896,0,0,-0.375314,
9.05,0,0,-0.930603,0,0,-0.366026,
9.06,0,0,-0.934216,0,0,-0.356702,
9.07,0,0,-0.937737,0,0,-0.347342,
9.08,0,0,-0.941163,0,0,-0.337948,
9.09,0,0,-0.944496,0,0,-0.32852,
9.1,0,0,-0.947734,0,0,-0.319058,
9.11,0,0,-0.950877,0,0,-0.309565,
9.12,0,0,-0.953925,0,0,-0.300041,
9.13,0,0,-0.956878,0,0,-0.290487,
9.14,0,0,-0.959735,0,0,-0.280904,
9.15,0,0,-0.962496,0,0,-0.271293,
9.16,0,0,-0.965161,0,0,-0.261655,
9.17,0,0,-0.967729,0,0,-0.25199,
9.18,0,0,-0.9702,0,0,-0.242301,
9.19,0,0,-0.972575,0,0,-0.232587,
9.2,0,0,-0.974852,0,0,-0.22285,
9.21,0,0,-0.977032,0,0,-0.21309,
9.22,0,0,-0.979114,0,0,-0.20331,
9.23,0,0,-0.981098,0,0,-0.193509,
9.24,0,0,-0.982984,0,0,-0.183688,
9.25,0,0,-0.984772,0,0,-0.173849,
9.26,0,0,-0.986461,0,0,-0.163993,
9.27,0,0,-0.988052,0,0,-0.154121,
9.28,0,0,-0.989544,0,0,-0.144233,
9.29,0,0,-0.990936,0,0,-0.13433,
9.3,0,0,-0.99223,0,0,-0.124414,
9.31,0,0,-0.993425,0,0,-0.114486,
9.32,0,0,-0.99452,0,0,-0.104546,
9.33,0,0,-0.995516,0,0,-0.0945962,
9.34,0,0,-0.996412,0,0,-0.0846366,
9.35,0,0,-0.997208,0,0,-0.0746685,
9.36,0,0,-0.997905,0,0,-0.0646929,
9.37,0,0,-0.998502,0,0,-0.0547109,
9.38,0,0,-0.998999,0,0,-0.0447234,
9.39,0,0,-0.999397,0,0,-0.0347314,
9.4,0,0,-0.999694,0,0,-0.024736,
9.41,0,0,-0.999891,0,0,-0.014738,
9.42,0,0,-0.999989,0,0,-0.00473863,
9.43,0,0,-0.999986,0,0,0.00526124,
9.44,0,0,-0.999884,0,0,0.0152606,
9.45,0,0,-0.999681,0,0,0.0252584,
9.46,0,0,-0.999378,0,0,0.0352537,
9.47,0,0,-0.998976,0,0,0.0452455,
9.48,0,0,-0.998473,0,0,0.0552327,
9.49,0,0,-0.997871,0,0,0.0652145,
9.5,0,0,-0.997169,0,0,0.0751897,
9.51,0,0,-0.996367,0,0,0.0851573,
9.52,0,0,-0.995466,0,0,0.0951165,
9.53,0,0,-0.994465,0,0,0.105066,
9.54,0,0,-0.993365,0,0,0.115005,
9.55,0,0,-0.992165,0,0,0.124933,
9.56,0,0,-0.990866,0,0,0.134848,
9.57,0,0,-0.989468,0,0,0.14475,
9.58,0,0,-0.987971,0,0,0.154637,
9.59,0,0,-0.986375,0,0,0.164509,
9.6,0,0,-0.984681,0,0,0.174364,
9.61,0,0,-0.982888,0,0,0.184202,
9.62,0,0,-0.980997,0,0,0.194021,
9.63,0,0,-0.979008,0,0,0.203821,
9.64,0,0,-0.97692,0,0,0.213601,
9.65,0,0,-0.974736,0,0,0.223359,
9.66,0,0,-0.972453,0,0,0.233095,
9.67,0,0,-0.970074,0,0,0.242808,
9.68,0,0,-0.967597,0,0,0.252496,
9.69,0,0,-0.965024,0,0,0.262159,
9.7,0,0,-0.962354,0,0,0.271796,
9.71,0,0,-0.959588,0,0,0.281406,
9.72,0,0,-0.956726,0,0,0.290987,
9.73,0,0,-0.953768,0,0,0.30054,
9.74,0,0,-0.950715,0,0,0.310062,
9.75,0,0,-0.947567,0,0,0.319554,
9.76,0,0,-0.944324,0,0,0.329013,
9.77,0,0,-0.940987,0,0,0.33844,
9.78,0,0,-0.937555,0,0,0.347832,
9.79,0,0,-0.93403,0,0,0.35719,
9.8,0,0,-0.930411,0,0,0.366513,
9.81,0,0,-0.9267,0,0,0.375798,
9.82,0,0,-0.922895,0,0,0.385046,
9.83,0,0,-0.918999,0,0,0.394256,
9.84,0,0,-0.91501,0,0,0.403426,
9.85,0,0,-0.91093,0,0,0.412555,
9.86,0,0,-0.906759,0,0,0.421644,
9.87,0,0,-0.902497,0,0,0.43069,
9.88,0,0,-0.898145,0,0,0.439693,
9.89,0,0,-0.893703,0,0,0.448652,
9.9,0,0,-0.889172,0,0,0.457567,
9.91,0,0,-0.884552,0,0,0.466435,
9.92,0,0,-0.879844,0,0,0.475257,
9.93,0,0,-0.875047,0,0,0.484032,
9.94,0,0,-0.870163,0,0,0.492758,
9.95,0,0,-0.865192,0,0,0.501435,
9.96,0,0,-0.860134,0,0,0.510061,
9.97,0,0,-0.854991,0,0,0.518637,
9.98,0,0,-0.849761,0,0,0.527161,
9.99,0,0,-0.844447,0,0,0.535632,
10,0,0,-0.839049,0,0,0.544049,
