# theta  phi  x  y  z
0 1.88921 2.93719 -0.063546 0.19278 -0.979182 
1 3.81517 0.0104275 -0.00815 -0.00650441 0.999946 
2 4.27039 1.01008 -0.362244 -0.765488 0.531797 
3 0.0483584 1.90398 0.943902 0.0456812 -0.327051 
4 0.584188 1.29114 0.801753 0.530096 0.276026 
5 2.1944 0.69708 -0.374895 0.521147 0.76672 
6 3.40277 0.7698 -0.672388 -0.179721 0.71805 
7 0.978394 1.03503 0.480117 0.713355 0.510502 
8 4.68872 2.60146 -0.0121726 -0.514105 -0.857641 
9 2.11191 1.51102 -0.514175 0.855603 0.0597363 
10 5.72388 0.946079 0.687533 -0.430381 0.584868 
11 5.11777 2.56431 0.215227 -0.501518 -0.837948 
12 4.50885 0.311102 -0.0618748 -0.29979 0.951997 
13 3.90309 0.376852 -0.266357 -0.253917 0.929828 
14 2.89522 3.09443 -0.045717 0.0114972 -0.998888 
15 2.43952 1.57801 -0.763484 0.645787 -0.00721657 
16 0.0339158 2.18588 0.816254 0.0276945 -0.57703 
17 3.36347 2.68305 -0.431792 -0.0974099 -0.896698 
18 5.48039 0.650251 0.420562 -0.435454 0.795932 
19 2.49377 3.01159 -0.103372 0.0782284 -0.991562 
20 5.27121 2.59734 0.27452 -0.439017 -0.855513 
21 3.12799 2.90764 -0.231801 0.00315392 -0.972758 
22 5.12611 2.46744 0.250954 -0.571569 -0.781237 
23 5.98161 0.49324 0.452114 -0.140634 0.880803 
24 0.50482 0.467146 0.394165 0.217807 0.892857 
25 5.09626 0.900599 0.293504 -0.726664 0.621141 
26 5.11446 0.0165938 0.0064933 -0.0152697 0.999862 
27 5.11611 0.254305 0.098829 -0.231348 0.967838 
28 0.426315 0.881185 0.702441 0.319027 0.636237 
29 5.80896 2.28449 0.67253 -0.345205 -0.654627 
30 5.77382 0.118403 0.103131 -0.0576015 0.992999 
31 5.6637 2.71208 0.339048 -0.241787 -0.909167 
32 1.43038 1.04196 0.120838 0.854899 0.504525 
33 4.24157 0.762331 -0.313272 -0.615468 0.723229 
34 4.24047 0.997205 -0.381839 -0.748149 0.542652 
35 3.66294 2.87272 -0.230352 -0.132304 -0.964071 
36 3.02951 0.824783 -0.729793 0.0821383 0.678716 
37 5.09419 2.56611 0.202777 -0.50505 -0.838931 
38 4.10317 2.20477 -0.461035 -0.660734 -0.592349 
39 3.7498 2.39856 -0.555206 -0.386563 -0.736421 
40 2.1577 1.55268 -0.553698 0.832521 0.0181184 
41 5.03338 3.06172 0.0251739 -0.0757132 -0.996812 
42 4.68491 1.32667 -0.0266611 -0.969983 0.241708 
43 1.31999 2.33794 0.178667 0.697375 -0.694079 
44 1.51853 1.66615 0.0520083 0.994098 -0.0952086 
45 5.51847 0.618851 0.418586 -0.401622 0.814546 
46 1.66328 2.27802 -0.0702006 0.756922 -0.649723 
47 1.33502 0.418266 0.0948807 0.39494 0.913795 
48 1.89343 0.583219 -0.174611 0.5223 0.834694 
49 3.08542 2.01961 -0.89954 0.0505823 -0.4339 
50 4.73605 2.28451 0.0178868 -0.755727 -0.654643 
51 5.99092 0.028995 0.0277616 -0.00835299 0.99958 
52 5.30789 2.86342 0.154028 -0.227331 -0.961559 
53 0.385081 0.257417 0.23594 0.0956302 0.967051 
54 2.72354 0.0726905 -0.0663721 0.0294848 0.997359 
55 2.93765 1.6352 -0.977246 0.202111 -0.064355 
56 3.1196 2.83581 -0.300968 0.00662083 -0.953611 
57 4.37457 1.12848 -0.299533 -0.852681 0.428036 
58 1.83824 1.07908 -0.232954 0.850184 0.472144 
59 3.4829 2.33343 -0.681317 -0.242009 -0.690825 
60 6.10026 2.65359 0.461041 -0.0852883 -0.883271 
61 0.131013 1.80533 0.964288 0.127062 -0.232386 
62 4.37053 2.48204 -0.205423 -0.577307 -0.790264 
63 4.42178 0.360719 -0.101132 -0.338147 0.935643 
64 0.0934515 0.868859 0.760261 0.071255 0.645698 
65 3.45546 0.957215 -0.777648 -0.252426 0.575799 
66 5.21572 3.02179 0.0576487 -0.104696 -0.992832 
67 3.15793 2.95618 -0.184327 -0.00301119 -0.98286 
68 4.0181 1.86455 -0.61243 -0.73559 -0.289546 
69 0.473486 1.17275 0.820406 0.420343 0.387617 
70 1.47045 2.48648 0.0610352 0.606184 -0.792979 
71 2.40559 2.40652 -0.497053 0.450226 -0.741779 
72 2.20816 1.26974 -0.568312 0.767525 0.296526 
73 1.78631 0.316004 -0.0664574 0.303581 0.950485 
74 6.05574 0.665049 0.601205 -0.139146 0.786887 
75 1.33857 0.632934 0.136133 0.575635 0.806295 
76 4.16638 0.238278 -0.122566 -0.201712 0.971746 
77 5.62486 0.447199 0.342069 -0.264565 0.901662 
78 5.03068 0.288644 0.0890791 -0.270355 0.958631 
79 5.66711 0.0637019 0.0519554 -0.0367843 0.997972 
80 4.80231 1.49066 0.0895107 -0.992764 0.0800462 
81 6.02505 2.04198 0.86151 -0.227465 -0.453938 
82 5.531 0.586225 0.40396 -0.37798 0.833035 
83 4.62307 1.51385 -0.0890598 -0.994399 0.0569121 
84 3.64 1.49033 -0.875505 -0.476476 0.0803783 
85 1.90943 1.11056 -0.297634 0.845066 0.44416 
86 1.7604 0.475489 -0.0862746 0.44957 0.889069 
87 3.18313 0.47182 -0.454116 -0.0188725 0.890743 
88 1.72376 0.256237 -0.0386154 0.250483 0.967351 
89 2.91428 0.536282 -0.4978 0.115146 0.859614 
90 1.7602 2.58019 -0.100231 0.522851 -0.846511 
91 2.00318 2.83836 -0.125126 0.271124 -0.954377 
92 2.51902 1.33295 -0.789509 0.566715 0.235607 
93 5.04002 2.02364 0.289367 -0.851374 -0.437527 
94 4.35651 1.06912 -0.305482 -0.821838 0.480898 
95 5.84498 1.51496 0.904104 -0.423653 0.0558036 
96 2.74572 1.03796 -0.794752 0.332152 0.50798 
97 1.39646 0.490187 0.0816622 0.463655 0.882245 
98 0.396326 2.2922 0.692678 0.289864 -0.660437 
99 4.66164 2.34775 -0.0361711 -0.712133 -0.701112 
100 2.00676 1.37108 -0.413891 0.888445 0.198392 
101 6.09526 1.10768 0.878914 -0.167146 0.446736 
102 0.828823 0.818219 0.493245 0.538058 0.683523 
103 3.97865 0.288265 -0.190376 -0.211134 0.958739 
104 2.8808 0.46251 -0.431108 0.115048 0.894935 
105 3.37704 1.01302 -0.825023 -0.197924 0.529305 
106 4.66082 1.67699 -0.0512516 -0.993045 -0.105996 
107 3.74442 1.84306 -0.793392 -0.546091 -0.268911 
108 3.98885 1.7741 -0.648407 -0.734033 -0.201901 
109 5.93751 0.0626737 0.0589278 -0.0212219 0.998037 
110 5.60871 1.66504 0.777569 -0.621716 -0.0941061 
111 2.75107 2.75011 -0.352832 0.145247 -0.924345 
112 0.297954 0.254029 0.240233 0.0737745 0.967908 
113 4.50621 2.10564 -0.176131 -0.842128 -0.509705 
114 3.10559 3.03171 -0.109587 0.00394766 -0.993969 
115 1.93197 1.19127 -0.328227 0.868912 0.370484 
116 1.19386 2.86124 0.101843 0.257269 -0.960958 
117 0.533453 2.02597 0.773386 0.456735 -0.439622 
118 0.562814 0.876958 0.650216 0.410206 0.639492 
119 1.90499 1.81533 -0.318246 0.916572 -0.242106 
120 5.40304 1.63148 0.635869 -0.769411 -0.0606507 
121 5.51724 3.09945 0.030364 -0.0292052 -0.999112 
122 5.90405 0.129972 0.120402 -0.0479702 0.991565 
123 4.08591 0.933439 -0.471189 -0.651051 0.595074 
124 2.99416 0.251095 -0.24577 0.0364993 0.968641 
125 5.36283 1.27403 0.57907 -0.761026 0.292433 
126 1.56157 2.59846 0.00477004 0.516799 -0.856094 
127 1.18889 2.20275 0.300711 0.748745 -0.590723 
128 2.83962 3.10014 -0.0395645 0.0123241 -0.999141 
129 4.71954 2.32017 0.00523346 -0.732096 -0.681181 
130 5.77886 2.2793 0.664796 -0.366924 -0.650702 
131 4.14789 0.994383 -0.448548 -0.708349 0.54502 
132 3.34994 0.971055 -0.807631 -0.170743 0.564429 
133 3.3169 0.734783 -0.66015 -0.116932 0.741977 
134 0.983674 1.65978 0.551775 0.829244 -0.0888704 
135 1.81175 1.50474 -0.238112 0.968992 0.0660124 
136 4.19964 1.28288 -0.470382 -0.835531 0.283954 
137 2.643 2.13317 -0.742997 0.404544 -0.533198 
138 2.41458 0.984288 -0.622296 0.553565 0.553456 
139 0.690824 0.371103 0.279497 0.231067 0.931928 
140 4.61381 0.650028 -0.0595665 -0.60227 0.796067 
141 3.92378 2.74407 -0.274627 -0.272868 -0.922021 
142 2.71277 0.951247 -0.740426 0.338516 0.580668 
143 2.51408 1.2834 -0.776288 0.563055 0.283452 
144 1.7848 1.41138 -0.209677 0.964798 0.158744 
145 0.717203 0.593921 0.421752 0.367823 0.828753 
146 1.98223 0.761638 -0.275992 0.632517 0.723706 
147 6.06367 0.777567 0.684712 -0.152769 0.712623 
148 0.671084 0.542732 0.404478 0.321164 0.856301 
149 2.41372 1.01879 -0.635706 0.566471 0.524394 
150 5.42814 1.70198 0.650547 -0.748117 -0.130803 
151 4.02823 0.730967 -0.421932 -0.517349 0.744529 
152 5.02919 0.335593 0.102596 -0.312941 0.944215 
153 2.77664 1.43787 -0.925898 0.35376 0.13254 
154 1.08383 0.738895 0.315152 0.595184 0.739213 
155 2.70341 0.881203 -0.698617 0.327344 0.636223 
156 4.41755 2.40504 -0.195197 -0.642756 -0.740786 
157 4.29476 0.641632 -0.24275 -0.547064 0.80112 
158 3.23152 1.71839 -0.98513 -0.0888327 -0.147061 
159 5.23458 0.327601 0.160495 -0.278889 0.946817 
160 2.95026 1.96552 -0.906259 0.175543 -0.384552 
161 2.93392 2.19041 -0.796608 0.167856 -0.580724 
162 3.82619 2.18432 -0.633393 -0.517031 -0.575754 
163 2.67416 2.46298 -0.560375 0.282846 -0.778446 
164 1.13479 0.430294 0.176169 0.378112 0.908843 
165 0.995299 2.97264 0.0915147 0.141063 -0.985762 
166 1.86843 2.53187 -0.16793 0.547463 -0.819807 
167 3.22628 2.10632 -0.856918 -0.0727431 -0.510293 
168 0.350703 1.32424 0.91073 0.333168 0.244069 
169 3.49248 2.80118 -0.313533 -0.114762 -0.942617 
170 1.84279 1.63482 -0.268102 0.961263 -0.0639842 
171 1.94887 1.19869 -0.34387 0.865774 0.363578 
172 1.62647 2.71987 -0.0227754 0.408701 -0.912384 
173 4.30015 2.10609 -0.344617 -0.788063 -0.510094 
174 0.120888 1.0516 0.861883 0.104702 0.496181 
175 5.45211 1.51878 0.673171 -0.737657 0.0519889 
176 4.9135 2.07836 0.174577 -0.856315 -0.486054 
177 4.34823 1.9919 -0.325048 -0.852793 -0.408764 
178 2.41766 1.91292 -0.705787 0.623952 -0.335484 
179 5.03846 0.517274 0.158402 -0.468456 0.869171 
180 0.503001 1.81441 0.85027 0.467823 -0.24121 
181 6.02099 2.41521 0.641474 -0.172156 -0.747579 
182 5.31831 0.507657 0.276861 -0.399589 0.873886 
183 3.68837 0.706765 -0.5547 -0.337637 0.760467 
184 5.12093 1.02757 0.340079 -0.785596 0.5169 
185 0.457097 2.77026 0.325603 0.160144 -0.931846 
186 0.495661 1.54658 0.879396 0.475474 0.0242185 
187 1.99001 0.212452 -0.0858268 0.192599 0.977517 
188 1.07945 1.71099 0.467181 0.87305 -0.139737 
189 3.44981 0.318578 -0.298457 -0.0950171 0.949682 
190 1.85208 1.51296 -0.277124 0.959094 0.0578053 
191 2.2623 1.675 -0.634234 0.766113 -0.104016 
192 2.03841 2.82737 -0.13932 0.275901 -0.951036 
193 5.40982 2.37288 0.446498 -0.532874 -0.718808 
194 1.28405 2.63676 0.136794 0.463911 -0.875257 
195 3.91387 0.0753022 -0.0538899 -0.0524937 0.997166 
196 3.88719 2.86365 -0.201582 -0.186141 -0.961622 
197 5.89206 1.32496 0.896684 -0.369769 0.243368 
198 4.77508 0.881463 0.0483472 -0.770154 0.636023 
199 4.47008 1.85391 -0.230392 -0.932141 -0.279343 
200 5.19146 0.273959 0.124709 -0.240087 0.962707 
201 5.41842 2.69855 0.278144 -0.326213 -0.90345 
202 2.89281 0.950805 -0.788827 0.200394 0.581028 
203 0.209017 2.39706 0.662881 0.140607 -0.735404 
204 1.9576 1.98784 -0.344899 0.846742 -0.405059 
205 4.16931 2.1086 -0.44382 -0.735268 -0.512255 
206 0.519193 2.5654 0.47304 0.270338 -0.838541 
207 4.94454 1.60783 0.229915 -0.972506 -0.037024 
208 1.20039 2.05689 0.320062 0.8242 -0.467177 
209 5.54497 1.72433 0.730969 -0.665053 -0.152935 
210 5.01686 1.8654 0.286875 -0.912904 -0.290359 
211 6.09386 2.89741 0.237444 -0.0454978 -0.970335 
212 3.53218 0.35032 -0.317351 -0.130666 0.939263 
213 4.01783 1.96296 -0.591458 -0.710004 -0.382193 
214 0.331138 2.07599 0.82754 0.284506 -0.483978 
215 5.973 0.419466 0.387836 -0.124315 0.913307 
216 3.78217 1.61074 -0.80111 -0.597184 -0.039929 
217 0.484765 3.01892 0.10827 0.0570239 -0.992485 
218 2.59421 2.09837 -0.737784 0.44969 -0.503442 
219 1.79972 1.97985 -0.20821 0.893562 -0.397739 
220 0.12249 0.738395 0.668059 0.0822425 0.73955 
221 4.1145 2.02009 -0.50703 -0.744497 -0.434333 
222 4.00588 2.5248 -0.375501 -0.439964 -0.815739 
223 0.318909 0.656203 0.579349 0.191289 0.792315 
224 2.91538 0.354927 -0.338669 0.0779449 0.937672 
225 0.299689 2.23102 0.754649 0.233183 -0.613295 
226 2.77715 0.862155 -0.709383 0.270615 0.650802 
227 5.38553 0.648341 0.376478 -0.472141 0.797087 
228 6.13267 0.000469949 0.000464636 -7.04666e-05 1 
229 2.21748 1.88072 -0.573834 0.760066 -0.304982 
230 0.36041 2.71974 0.383149 0.144398 -0.91233 
231 1.81374 2.1556 -0.200588 0.809332 -0.552038 
232 1.25328 2.20708 0.251109 0.764107 -0.594209 
233 4.91773 1.2807 0.195382 -0.938086 0.286043 
234 3.37124 0.65136 -0.590352 -0.138007 0.79526 
235 3.95399 2.32447 -0.501499 -0.529337 -0.684325 
236 2.24306 2.41363 -0.414355 0.520578 -0.746531 
237 6.05663 1.34466 0.949636 -0.218902 0.224218 
238 2.74866 0.729381 -0.615622 0.255165 0.745587 
239 5.35483 2.79311 0.204593 -0.273395 -0.939892 
240 0.231465 1.28261 0.933192 0.219943 0.284215 
241 3.3811 1.33972 -0.945636 -0.230916 0.229021 
242 2.46402 1.10934 -0.697609 0.56133 0.445254 
243 5.7908 2.01065 0.797327 -0.427735 -0.425808 
244 5.03641 0.951612 0.259276 -0.771975 0.580371 
245 3.52402 0.609017 -0.530737 -0.213478 0.820211 
246 1.50226 0.471899 0.0311291 0.453511 0.890707 
247 0.483105 1.39319 0.871626 0.457224 0.176674 
248 2.51131 2.51337 -0.474785 0.346377 -0.809075 
249 5.47849 2.75062 0.264223 -0.274622 -0.924537 
250 6.10821 0.528683 0.496695 -0.0878074 0.863472 
251 2.93639 0.86718 -0.746509 0.155376 0.64698 
252 0.36581 2.28092 0.708108 0.271241 -0.651929 
253 4.97828 0.289149 0.0749249 -0.275116 0.958487 
254 2.9105 2.3133 -0.717194 0.168753 -0.676133 
255 0.605959 1.48353 0.818828 0.567384 0.0871548 
256 0.44936 2.31867 0.660358 0.318468 -0.680078 
257 3.12333 2.06082 -0.882175 0.0161127 -0.470647 
258 4.69585 0.400583 -0.0064501 -0.389902 0.920834 
259 6.11416 1.44502 0.977964 -0.166888 0.125441 
260 5.38691 1.41806 0.617254 -0.771913 0.152147 
261 2.30288 3.14148 -7.5758e-05 8.42989e-05 -1 
262 1.43381 0.976937 0.113179 0.821023 0.559564 
263 1.26707 2.21765 0.238656 0.761457 -0.602682 
264 2.28424 1.89798 -0.619722 0.716002 -0.321381 
265 4.46803 0.378542 -0.0894103 -0.358587 0.929205 
266 5.40253 0.383523 0.238227 -0.288558 0.927352 
267 3.80601 1.1578 -0.721084 -0.56476 0.401352 
268 2.54929 0.476097 -0.380243 0.255864 0.888791 
269 5.6132 0.438474 0.332783 -0.263638 0.905401 
270 4.1844 0.508203 -0.245153 -0.420342 0.87362 
271 2.77717 1.80304 -0.909247 0.346838 -0.23016 
272 3.2392 2.87242 -0.264669 -0.0259172 -0.963991 
273 5.47362 1.30797 0.666123 -0.699128 0.259809 
274 5.55151 0.0373594 0.0277912 -0.0249546 0.999302 
275 3.21191 2.4981 -0.598509 -0.0421547 -0.800006 
276 6.20391 1.56188 0.99682 -0.0791871 0.00891456 
277 1.32264 3.07195 0.017093 0.067459 -0.997576 
278 3.46685 1.85214 -0.910312 -0.306993 -0.277647 
279 3.27551 0.528594 -0.499804 -0.0673368 0.863517 
280 4.04424 1.37352 -0.607519 -0.769744 0.195996 
281 2.65623 1.2556 -0.840932 0.443543 0.310005 
282 3.43832 3.03958 -0.0973898 -0.0297773 -0.994801 
283 5.55463 1.44074 0.739836 -0.660169 0.12969 
284 3.95589 2.9072 -0.159415 -0.168907 -0.972655 
285 0.14959 2.97444 0.164518 0.0247955 -0.986062 
286 4.82752 2.91031 0.0263316 -0.227707 -0.973373 
287 4.51891 1.56934 -0.192271 -0.981341 0.00146026 
288 4.1029 1.55667 -0.57239 -0.81986 0.0141295 
289 2.48815 1.46623 -0.789658 0.604604 0.104376 
290 1.05253 1.57207 0.495375 0.868679 -0.00127142 
291 1.34959 2.26343 0.168851 0.750815 -0.638565 
292 0.772782 1.74796 0.704764 0.687203 -0.176238 
293 3.34509 0.397882 -0.379471 -0.0783044 0.921884 
294 3.84695 0.271688 -0.204322 -0.173978 0.963319 
295 5.35843 0.977809 0.499251 -0.662152 0.558841 
296 4.1328 1.75915 -0.537998 -0.821887 -0.187244 
297 2.08567 2.31673 -0.361664 0.639238 -0.678656 
298 1.90079 0.895494 -0.252919 0.738404 0.625133 
299 3.10765 1.85201 -0.960167 0.0326035 -0.277519 
300 1.76614 2.06526 -0.170855 0.863485 -0.474556 
301 0.52189 0.349423 0.296781 0.170671 0.939571 
302 4.4084 0.307385 -0.0905663 -0.288694 0.953128 
303 0.662667 1.46941 0.784306 0.612062 0.101211 
304 3.06286 1.68366 -0.99056 0.0781498 -0.112625 
305 1.98864 2.57544 -0.217661 0.490239 -0.843973 
306 2.48387 1.05363 -0.687892 0.531369 0.49442 
307 1.19204 0.494194 0.175389 0.440704 0.880351 
308 3.02955 0.417931 -0.403325 0.0453813 0.913931 
309 2.30774 1.84662 -0.646625 0.712537 -0.272336 
310 3.97271 1.56933 -0.674052 -0.738683 0.00147052 
311 4.03454 1.69505 -0.622282 -0.772921 -0.123931 
312 6.18169 2.59597 0.516276 -0.0525794 -0.854807 
313 2.08182 2.07137 -0.429067 0.765225 -0.47993 
314 1.72327 0.148022 -0.0223996 0.145771 0.989065 
315 2.87754 0.237071 -0.226716 0.0612971 0.97203 
316 3.79909 1.32133 -0.767023 -0.592217 0.246891 
317 2.30271 1.62751 -0.667223 0.742698 -0.0566881 
318 4.82652 3.07156 0.00796911 -0.0695203 -0.997549 
319 2.1648 0.888269 -0.434304 0.64306 0.630757 
320 2.86643 0.798224 -0.689179 0.194571 0.697979 
321 3.92865 2.29982 -0.526504 -0.528253 -0.66614 
322 2.15527 1.18933 -0.512102 0.774052 0.372284 
323 2.05823 2.56845 -0.253977 0.47912 -0.840202 
324 4.39542 1.14765 -0.284194 -0.86638 0.410634 
325 0.78178 1.095 0.630837 0.626289 0.458046 
326 4.80472 2.57784 0.0492707 -0.532086 -0.845256 
327 4.22413 1.17886 -0.433514 -0.816183 0.381982 
328 1.63271 1.66672 -0.0615887 0.993496 -0.0957723 
329 3.80303 1.5508 -0.78895 -0.614132 0.0199943 
330 5.27668 2.45082 0.34075 -0.538357 -0.770754 
331 5.94161 0.601979 0.533559 -0.189688 0.824217 
332 1.23459 0.137247 0.0451368 0.129157 0.990596 
333 4.87343 1.50209 0.159966 -0.984732 0.0686507 
334 5.37283 1.95174 0.56949 -0.733107 -0.371801 
335 0.296229 1.2664 0.912476 0.278496 0.299713 
336 0.891842 1.80145 0.611349 0.75762 -0.228614 
337 5.79608 0.502725 0.425776 -0.225523 0.876273 
338 3.96877 0.529163 -0.341736 -0.371552 0.86323 
339 0.525972 0.93689 0.696816 0.404515 0.592296 
340 4.61889 0.274866 -0.0253391 -0.270232 0.962462 
341 5.97034 1.97251 0.875717 -0.28327 -0.390995 
342 1.1521 1.68497 0.403919 0.907673 -0.113929 
343 3.99374 1.13485 -0.596788 -0.682297 0.422273 
344 5.4015 2.41366 0.423051 -0.51351 -0.746549 
345 1.4048 0.446849 0.0714005 0.426186 0.901813 
346 4.41144 1.47566 -0.295082 -0.950738 0.0949952 
347 4.9923 0.0963933 0.0265898 -0.0924982 0.995358 
348 1.02009 2.63372 0.254485 0.414422 -0.87378 
349 5.69566 0.275338 0.226283 -0.1507 0.962333 
350 1.47269 0.110145 0.0107669 0.109394 0.99394 
351 2.93337 0.86679 -0.745791 0.157571 0.647277 
352 0.21358 2.46279 0.613596 0.133082 -0.778325 
353 5.38342 1.89125 0.590137 -0.743313 -0.314998 
354 2.6319 0.278116 -0.239649 0.133953 0.961574 
355 5.9275 1.8937 0.888963 -0.330233 -0.317317 
356 2.04211 1.18991 -0.421519 0.827121 0.371744 
357 4.13456 1.81798 -0.529603 -0.812192 -0.244671 
358 1.80392 1.35761 -0.22579 0.950924 0.211573 
359 2.65446 2.60669 -0.450459 0.238614 -0.86032 
360 5.673 1.82046 0.794134 -0.555252 -0.247075 
361 4.35628 2.91481 -0.0783864 -0.210734 -0.974396 
362 5.96847 1.40919 0.938494 -0.305515 0.160905 
363 1.2127 3.09086 0.017774 0.047494 -0.998713 
364 0.224528 2.03127 0.873355 0.199456 -0.444374 
365 1.54291 2.71298 0.0115868 0.415449 -0.909543 
366 3.83376 2.0741 -0.6744 -0.559064 -0.482319 
367 3.15513 2.76644 -0.366379 -0.0049589 -0.930453 
368 0.990841 1.97406 0.50403 0.76939 -0.392419 
369 4.41974 1.73922 -0.284411 -0.943934 -0.167627 
370 2.07425 0.608495 -0.275786 0.500706 0.82051 
371 1.89051 2.29514 -0.235384 0.710981 -0.662647 
372 5.51372 3.11241 0.0209584 -0.0203011 -0.999574 
373 4.7163 0.888648 0.00303233 -0.776214 0.630462 
374 3.22496 1.90738 -0.940609 -0.0785987 -0.330267 
375 6.03615 2.44035 0.625578 -0.157764 -0.764044 
376 5.0238 0.605104 0.174294 -0.541488 0.822443 
377 0.455768 2.68878 0.392839 0.192565 -0.89922 
378 2.36586 0.812108 -0.518109 0.508193 0.68797 
379 5.93013 0.294345 0.272219 -0.100311 0.956992 
380 3.92136 2.87255 -0.18901 -0.186893 -0.964026 
381 3.94323 2.58393 -0.36808 -0.380231 -0.848494 
382 2.96217 2.48789 -0.598365 0.10853 -0.793839 
383 4.37055 3.03934 -0.0342175 -0.0961678 -0.994777 
384 2.61003 2.57886 -0.459885 0.27042 -0.8458 
385 0.671686 0.720318 0.516336 0.410488 0.751596 
386 3.65908 0.735614 -0.58318 -0.331962 0.741419 
387 1.72027 1.50315 -0.148574 0.986588 0.0675997 
388 6.05714 0.641265 0.582992 -0.134072 0.80134 
389 4.35808 0.797534 -0.248285 -0.671185 0.698474 
390 1.92175 0.67167 -0.21394 0.584363 0.782784 
391 0.531269 2.21809 0.687766 0.404147 -0.603028 
392 1.19808 0.148177 0.0537605 0.137499 0.989042 
393 0.84978 2.23033 0.5217 0.593605 -0.61275 
394 4.86007 1.89639 0.139412 -0.937147 -0.319874 
395 4.21526 2.94517 -0.0930722 -0.171537 -0.980771 
396 0.700346 0.220366 0.167136 0.140875 0.975817 
397 0.449306 0.472896 0.41026 0.197827 0.890253 
398 1.88899 2.41222 -0.208489 0.632952 -0.74559 
399 4.14883 1.16914 -0.491683 -0.778082 0.390943 
400 1.27487 3.08252 0.0172169 0.0564719 -0.998256 
401 3.09546 2.06906 -0.877478 0.0405067 -0.477903 
402 0.578081 2.16161 0.695544 0.453793 -0.557037 
403 2.16837 2.76766 -0.205524 0.30198 -0.930896 
404 2.98692 1.90269 -0.93414 0.145646 -0.325836 
405 0.021046 0.350117 0.342932 0.0072184 0.939332 
406 4.79394 0.510227 0.0397845 -0.486752 0.872634 
407 2.20072 2.46863 -0.367175 0.503675 -0.781981 
408 5.84651 1.90127 0.85713 -0.400044 -0.324488 
409 5.92192 1.5024 0.933262 -0.352636 0.068339 
410 2.31762 0.51375 -0.333846 0.360648 0.870908 
411 2.05987 2.5442 -0.264265 0.496549 -0.826803 
412 4.37776 2.98154 -0.0523402 -0.15053 -0.987219 
413 4.11225 3.09801 -0.024605 -0.0359539 -0.999051 
414 2.79768 1.29514 -0.9059 0.324448 0.272176 
415 2.10572 0.201352 -0.101953 0.172056 0.979797 
416 1.96034 2.81963 -0.12017 0.292724 -0.948616 
417 2.13411 0.616762 -0.308858 0.489029 0.815756 
418 0.540855 1.05145 0.744231 0.446979 0.496316 
419 1.99922 1.42084 -0.410778 0.899413 0.149391 
420 3.50392 2.07048 -0.820746 -0.311117 -0.479148 
421 4.61814 1.38551 -0.0925024 -0.97852 0.184232 
422 0.169146 1.05764 0.858766 0.146658 0.49093 
423 1.41658 1.00875 0.129978 0.836126 0.532916 
424 2.23473 3.12364 -0.011061 0.0141367 -0.999839 
425 2.65823 0.354447 -0.30731 0.161304 0.937839 
426 3.42823 1.8278 -0.927696 -0.27344 -0.254186 
427 0.299586 2.2373 0.750981 0.231965 -0.618239 
428 4.33272 0.0530712 -0.0196599 -0.0492687 0.998592 
429 3.84273 2.76069 -0.284062 -0.239814 -0.928331 
430 3.45603 2.67649 -0.426521 -0.138714 -0.893777 
431 5.81179 2.86357 0.24452 -0.124636 -0.961601 
432 3.67803 0.87878 -0.661808 -0.393509 0.638091 
433 4.97508 1.43208 0.257182 -0.956419 0.138274 
434 0.0321464 0.352085 0.344678 0.011084 0.938656 
435 5.9759 3.13821 0.00322382 -0.00102303 -0.999994 
436 4.5515 3.04973 -0.0146948 -0.0905475 -0.995784 
437 0.337759 0.244128 0.228054 0.0800963 0.970348 
438 1.39709 3.12048 0.00364913 0.0207953 -0.999777 
439 1.64361 2.91516 -0.0163338 0.223912 -0.974472 
440 2.54823 1.6559 -0.826066 0.557126 -0.0850037 
441 0.212494 0.814255 0.710858 0.153369 0.68641 
442 2.34345 1.61927 -0.697217 0.715221 -0.048459 
443 5.43295 0.00747383 0.00493125 -0.00561604 0.999972 
444 2.14124 2.1171 -0.461412 0.719157 -0.519531 
445 4.78578 2.2923 0.0550542 -0.748791 -0.660516 
446 2.24013 1.10535 -0.554456 0.700809 0.448825 
447 2.68051 0.0601582 -0.0538434 0.0267495 0.998191 
448 1.84634 2.14917 -0.227821 0.805763 -0.546666 
449 0.987821 1.95273 0.510843 0.774674 -0.372719 
450 0.757063 0.840479 0.541481 0.511633 0.667106 
451 2.16233 2.75205 -0.21177 0.31524 -0.925082 
452 2.94169 3.0734 -0.066782 0.0135304 -0.997676 
453 0.455174 2.6122 0.453589 0.22201 -0.863116 
454 2.72591 2.15711 -0.762051 0.336372 -0.553292 
455 0.789528 2.23076 0.556313 0.560927 -0.613087 
456 3.9404 2.67697 -0.312565 -0.321062 -0.893992 
457 1.7637 1.65419 -0.191047 0.97804 -0.0832989 
458 2.99455 2.72969 -0.396037 0.058658 -0.916359 
459 0.12528 0.702927 0.641387 0.0807761 0.762954 
460 0.620294 2.41815 0.538652 0.384787 -0.749528 
461 2.104 0.21318 -0.107539 0.1822 0.977363 
462 5.22144 0.148466 0.0720895 -0.129166 0.988999 
463 5.68404 1.0737 0.725873 -0.495682 0.476874 
464 2.75889 3.00192 -0.129149 0.0519887 -0.990261 
465 4.79986 0.103532 0.00902884 -0.102952 0.994645 
466 4.25198 0.745722 -0.301467 -0.607851 0.734598 
467 4.28509 2.1962 -0.335977 -0.737832 -0.585425 
468 4.82993 1.69246 0.116402 -0.98576 -0.121361 
469 2.63185 2.51271 -0.513456 0.287031 -0.808688 
470 4.30535 0.751044 -0.270156 -0.626649 0.730977 
471 1.40467 2.11853 0.141174 0.841953 -0.520754 
472 6.27683 1.97143 0.920794 -0.00585589 -0.390006 
473 5.70163 1.47527 0.831801 -0.546817 0.0953797 
474 0.336975 2.33096 0.683963 0.239617 -0.689041 
475 1.38981 2.11428 0.154064 0.841933 -0.51712 
476 3.14843 3.10392 -0.0376656 -0.000257441 -0.99929 
477 4.90125 2.17043 0.154985 -0.810864 -0.56434 
478 2.42073 2.58703 -0.395581 0.347557 -0.850129 
479 4.20633 2.67352 -0.218696 -0.394617 -0.89244 
480 3.71902 2.31576 -0.615925 -0.401276 -0.677948 
481 0.803185 0.57324 0.376623 0.390264 0.840148 
482 1.46362 1.82364 0.103572 0.962648 -0.250162 
483 5.45267 0.23682 0.158245 -0.173211 0.972089 
484 0.758817 2.93849 0.146373 0.138791 -0.979445 
485 0.308947 2.60816 0.484413 0.154609 -0.861069 
486 2.15728 1.31424 -0.535322 0.80563 0.253754 
487 2.64416 1.72547 -0.868318 0.471476 -0.154059 
488 1.31623 2.25442 0.195236 0.750302 -0.631609 
489 3.67036 0.211509 -0.181264 -0.105906 0.977715 
490 5.7909 1.71384 0.872253 -0.467817 -0.142554 
491 4.89024 1.22487 0.166434 -0.925923 0.339066 
492 1.31458 1.49246 0.252649 0.964389 0.0782526 
493 0.00812682 3.03723 0.104171 0.000846598 -0.994559 
494 0.605911 3.07339 0.0560155 0.0388103 -0.997675 
495 1.66561 2.33552 -0.0683119 0.718335 -0.692335 
496 0.680614 1.84616 0.747907 0.605564 -0.271896 
497 1.30983 1.18951 0.239488 0.896757 0.372119 
498 4.07946 0.329499 -0.191393 -0.260894 0.946204 
499 2.91888 2.10768 -0.838084 0.189799 -0.51146 
500 0.924714 0.570868 0.325333 0.431452 0.841432 
501 5.78861 2.67213 0.398194 -0.214737 -0.891813 
502 0.607684 1.41972 0.811621 0.564464 0.150505 
503 0.413625 1.17503 0.844891 0.370864 0.385511 
504 1.38585 1.02842 0.1575 0.841878 0.516174 
505 0.610937 0.191541 0.155936 0.109204 0.981712 
506 0.683742 1.60109 0.774859 0.631409 -0.0302859 
507 3.77748 2.1602 -0.668794 -0.493685 -0.555868 
508 0.565165 0.52528 0.42348 0.268557 0.865183 
509 0.897866 2.93017 0.130793 0.1641 -0.977734 
510 5.02619 1.93047 0.288928 -0.890304 -0.351965 
511 5.15734 2.74059 0.168009 -0.352339 -0.920668 
512 3.52819 2.27532 -0.705688 -0.28727 -0.647673 
513 4.66483 1.55942 -0.047542 -0.998804 0.0113762 
514 1.28712 2.31926 0.205081 0.703452 -0.680512 
515 6.22124 2.54902 0.557424 -0.0345738 -0.829508 
516 3.84724 1.95587 -0.705448 -0.601037 -0.37563 
517 1.10759 2.44889 0.285346 0.571328 -0.769521 
518 3.34765 0.603699 -0.555682 -0.116151 0.823242 
519 1.90046 2.19545 -0.262598 0.767484 -0.584817 
520 0.754785 2.51231 0.428722 0.403245 -0.80845 
521 3.55461 1.25528 -0.870701 -0.381558 0.310311 
522 3.00975 2.51748 -0.579306 0.0768257 -0.811482 
523 5.2196 1.2418 0.459692 -0.827219 0.323098 
524 6.02086 2.2359 0.759936 -0.20405 -0.617139 
525 4.25205 2.55486 -0.245958 -0.496011 -0.832753 
526 2.89059 1.22206 -0.910355 0.233428 0.34171 
527 0.455656 0.817545 0.655043 0.321004 0.684014 
528 2.77324 0.270697 -0.249466 0.0962858 0.963585 
529 4.05834 2.31067 -0.44934 -0.586135 -0.674195 
530 1.07487 0.332091 0.155136 0.286744 0.945363 
531 0.453227 1.08295 0.794163 0.38679 0.468721 
532 3.3093 0.1773 -0.173898 -0.0294407 0.984324 
533 1.23331 2.3174 0.24304 0.692591 -0.679153 
534 4.83936 2.58411 0.0669915 -0.524795 -0.848588 
535 2.77846 1.22185 -0.87845 0.333799 0.341911 
536 2.30372 1.54906 -0.668889 0.743044 0.0217325 
537 1.6508 0.109714 -0.00875085 0.109144 0.993987 
538 4.50574 2.03983 -0.183023 -0.873026 -0.452026 
539 0.0536633 0.606168 0.568902 0.0305585 0.821837 
540 1.37537 1.82142 0.188121 0.950317 -0.248009 
541 3.58647 1.44055 -0.895019 -0.426699 0.12988 
542 3.06015 3.10709 -0.034379 0.00280624 -0.999405 
543 4.38821 0.744762 -0.215899 -0.642492 0.735249 
544 5.71683 0.217534 0.182125 -0.115801 0.976433 
545 1.76781 0.436551 -0.0827614 0.414637 0.906215 
546 2.49164 1.63912 -0.794254 0.603738 -0.0682706 
547 2.30315 0.331092 -0.217353 0.241727 0.945688 
548 0.0891878 0.804417 0.717563 0.0641681 0.693532 
549 1.02563 1.84526 0.499153 0.823037 -0.27103 
550 0.458307 2.90129 0.213434 0.105296 -0.971267 
551 2.62454 1.83873 -0.838265 0.476681 -0.26474 
552 2.53145 0.234187 -0.190182 0.132963 0.972703 
553 3.64241 1.53667 -0.876679 -0.479865 0.0341175 
554 2.95389 3.11677 -0.0243879 0.00463228 -0.999692 
555 0.208245 1.89118 0.92861 0.196224 -0.314928 
556 3.82046 1.45804 -0.773345 -0.623921 0.112521 
557 5.02083 3.02208 0.0361944 -0.113602 -0.992867 
558 4.17543 2.97069 -0.0869947 -0.146135 -0.985432 
559 1.88303 2.91875 -0.0678884 0.210319 -0.975273 
560 2.86274 0.550297 -0.50274 0.143941 0.852369 
561 4.74479 2.19772 0.0262352 -0.809414 -0.586653 
562 1.78215 0.0198314 -0.00415998 0.0193888 0.999803 
563 5.55131 2.52291 0.431449 -0.387572 -0.814641 
564 4.76867 1.74651 0.0553847 -0.983042 -0.174815 
565 1.95365 0.999092 -0.314161 0.780097 0.541066 
566 1.45484 0.613626 0.066622 0.571969 0.817565 
567 4.40938 2.50329 -0.177795 -0.568686 -0.803109 
568 1.61473 1.84024 -0.0423379 0.962988 -0.266197 
569 3.49568 0.790812 -0.666821 -0.246504 0.703268 
570 2.56144 2.51653 -0.489406 0.320749 -0.810927 
571 4.40808 0.861605 -0.227391 -0.724021 0.65122 
572 1.17473 0.0458065 0.0176657 0.0422456 0.998951 
573 3.20111 1.70415 -0.989367 -0.0589536 -0.132955 
574 0.15738 2.21264 0.791094 0.125541 -0.598674 
575 3.5744 0.798732 -0.650407 -0.300504 0.697616 
576 6.22158 0.0541606 0.0540314 -0.0033329 0.998534 
577 0.149814 1.78264 0.966695 0.145918 -0.210261 
578 1.46434 0.316181 0.0330393 0.309179 0.95043 
579 0.492927 0.63297 0.52112 0.279922 0.806274 
580 6.23365 2.00892 0.904437 -0.0448373 -0.424245 
581 3.34943 1.08931 -0.867234 -0.182888 0.463095 
582 0.451976 2.70774 0.378161 0.183595 -0.907352 
583 5.6532 1.26363 0.770213 -0.561561 0.302358 
584 4.17702 1.62462 -0.509422 -0.858833 -0.0538013 
585 5.27502 2.0012 0.484767 -0.76871 -0.417235 
586 3.11621 0.687564 -0.634452 0.0161095 0.772794 
587 1.92626 1.57953 -0.34801 0.93745 -0.0087332 
588 4.94335 2.68724 0.100463 -0.427224 -0.898547 
589 5.03382 1.08843 0.279878 -0.840529 0.463875 
590 4.4969 2.11574 -0.182855 -0.835379 -0.518368 
591 2.9813 1.44588 -0.979488 0.158368 0.124588 
592 3.70583 2.86023 -0.234623 -0.148486 -0.960679 
593 1.99376 1.31432 -0.397039 0.882049 0.253671 
594 4.07425 0.940198 -0.481136 -0.648727 0.589628 
595 1.37129 0.0231299 0.00458364 0.0226691 0.999733 
596 2.25346 1.50849 -0.629635 0.774391 0.0622699 
597 0.203983 2.71115 0.408619 0.0845268 -0.908782 
598 5.35365 1.28574 0.574063 -0.769007 0.281212 
599 1.49137 0.0641829 0.00508924 0.0639366 0.997941 
600 1.4455 0.458234 0.0552811 0.438897 0.896835 
601 1.84804 0.738052 -0.184161 0.647155 0.739781 
602 0.849675 1.13281 0.597906 0.68017 0.42412 
603 2.8605 0.428392 -0.399106 0.115236 0.909635 
604 0.830002 0.442906 0.289229 0.316253 0.90351 
605 2.10371 1.96987 -0.468126 0.793649 -0.388561 
606 2.65556 1.0319 -0.758884 0.400917 0.513187 
607 1.09847 1.45743 0.452037 0.884797 0.113124 
608 1.23349 1.37739 0.324779 0.926054 0.192202 
609 5.77204 1.38997 0.857962 -0.481203 0.179846 
610 4.29588 0.19429 -0.0781104 -0.176563 0.981185 
611 3.81001 1.44895 -0.778987 -0.615146 0.121549 
612 1.98669 2.59747 -0.209141 0.473536 -0.855584 
613 6.25182 2.23299 0.788256 -0.0247327 -0.614851 
614 4.47163 2.97643 -0.0392038 -0.159674 -0.986391 
615 5.27236 1.68369 0.527777 -0.841879 -0.112652 
616 3.4947 1.34111 -0.91366 -0.336735 0.227673 
617 4.46873 1.18569 -0.223583 -0.899384 0.375659 
618 2.6589 2.35303 -0.6283 0.329252 -0.704863 
619 1.21397 1.70453 0.346179 0.928645 -0.133336 
620 0.565973 0.986028 0.703817 0.447136 0.552006 
621 1.22828 2.90119 0.0799671 0.224265 -0.971242 
622 1.76252 2.76652 -0.0698054 0.359625 -0.930482 
623 1.29446 1.21499 0.255748 0.901803 0.348344 
624 2.88035 2.23531 -0.760507 0.203327 -0.616674 
625 2.72498 0.228295 -0.206959 0.0915826 0.974054 
626 3.48831 1.55658 -0.9404 -0.339774 0.0142148 
627 4.66585 2.0653 -0.0409489 -0.879251 -0.474595 
628 1.01618 2.3611 0.37054 0.598157 -0.710569 
629 1.66645 1.45666 -0.0948874 0.988952 0.113886 
630 1.58104 0.155598 -0.00158766 0.154963 0.987919 
631 2.65974 0.174313 -0.153685 0.0803722 0.984846 
632 1.73862 1.17298 -0.153991 0.908959 0.387402 
633 0.776224 2.062 0.629197 0.617758 -0.471685 
634 3.66777 2.39582 -0.586756 -0.340781 -0.734565 
635 0.785278 0.311288 0.216602 0.21655 0.95194 
636 1.32393 1.58369 0.244346 0.969602 -0.0128926 
637 3.39937 2.05612 -0.855299 -0.225497 -0.466492 
638 3.64378 1.03175 -0.752237 -0.413087 0.513321 
639 0.114977 2.13802 0.837827 0.0967573 -0.537294 
640 3.94106 2.58294 -0.369487 -0.380034 -0.84797 
641 5.47183 1.18386 0.637616 -0.671604 0.377351 
642 0.859293 2.78628 0.227161 0.263483 -0.937536 
643 5.1011 2.83708 0.113634 -0.277459 -0.953994 
644 1.13243 0.818421 0.309883 0.661038 0.683375 
645 1.89436 0.858408 -0.240621 0.717532 0.653643 
646 3.98536 3.04814 -0.0620208 -0.0697195 -0.995637 
647 0.943421 0.200243 0.116763 0.16103 0.980018 
648 0.870523 1.62919 0.643329 0.763362 -0.058363 
649 3.61126 1.6546 -0.888589 -0.451001 -0.0837067 
650 3.55173 0.332165 -0.299047 -0.130023 0.945339 
651 1.62644 1.39911 -0.0547968 0.983773 0.170843 
652 2.80394 1.83607 -0.910529 0.319686 -0.262178 
653 1.42678 1.85986 0.137566 0.948588 -0.285054 
654 4.49779 0.980551 -0.176928 -0.811746 0.556565 
655 1.4878 1.25105 0.0786977 0.946048 0.314325 
656 0.720761 3.00153 0.104888 0.0921355 -0.990207 
657 4.80125 1.60474 0.0886942 -0.99548 -0.0339403 
658 2.57947 2.97235 -0.142518 0.089773 -0.985713 
659 6.12394 2.49598 0.594078 -0.0954112 -0.798729 
660 4.20766 1.10777 -0.43265 -0.78314 0.44666 
661 0.880689 0.680629 0.400613 0.485288 0.777177 
662 2.93393 0.894042 -0.762861 0.160732 0.626266 
663 1.10491 2.6371 0.217136 0.431851 -0.875418 
664 1.71748 1.77724 -0.143052 0.968256 -0.204979 
665 2.65829 1.43867 -0.877749 0.460653 0.131739 
666 3.96587 2.977 -0.111272 -0.120279 -0.986484 
667 0.969668 1.82883 0.54685 0.797396 -0.255178 
668 3.47943 2.16726 -0.780561 -0.274218 -0.56172 
669 3.92628 2.37128 -0.49275 -0.492051 -0.717693 
670 0.570497 1.99529 0.766936 0.49212 -0.411859 
671 2.17804 2.62718 -0.280753 0.404059 -0.870582 
672 5.09051 0.267984 0.0977518 -0.246083 0.964307 
673 4.18923 3.07901 -0.0312454 -0.0541739 -0.998043 
674 1.83576 0.882789 -0.202301 0.745554 0.634999 
675 1.86765 2.09659 -0.253005 0.827094 -0.501901 
676 2.39047 2.4338 -0.475215 0.443703 -0.759801 
677 4.89468 1.25388 0.172251 -0.934458 0.311639 
678 1.34361 2.33745 0.162222 0.701732 -0.693726 
679 1.87824 1.68551 -0.300635 0.946845 -0.114467 
680 1.06486 2.6555 0.226405 0.408647 -0.884165 
681 1.889 2.19227 -0.25436 0.772205 -0.582237 
682 5.65497 0.977703 0.6709 -0.487332 0.558929 
683 3.9274 2.3245 -0.515379 -0.515804 -0.684346 
684 4.28941 2.33024 -0.297685 -0.661305 -0.68852 
685 0.842906 0.684607 0.420712 0.472113 0.774668 
686 1.13901 2.43134 0.27287 0.59218 -0.758198 
687 1.15967 1.78903 0.390164 0.89493 -0.216502 
688 0.343875 2.91895 0.207881 0.074443 -0.975317 
689 3.48975 3.02347 -0.110782 -0.0402073 -0.993031 
690 6.14174 0.964189 0.813382 -0.115821 0.570084 
691 2.40864 2.10167 -0.640911 0.57698 -0.506288 
692 4.67481 2.25107 -0.0292073 -0.77685 -0.629007 
693 5.91684 2.79183 0.319938 -0.122749 -0.939453 
694 2.97087 2.65395 -0.461737 0.0796034 -0.883438 
695 3.85331 1.44777 -0.751518 -0.648199 0.122713 
696 3.29172 0.470463 -0.4482 -0.0677961 0.891359 
697 3.11267 1.39998 -0.985033 0.0284968 0.169992 
698 4.03062 0.462392 -0.28111 -0.346372 0.894988 
699 2.72592 0.35043 -0.314068 0.138627 0.939225 
700 6.02308 2.65118 0.455145 -0.121131 -0.88214 
701 3.56796 0.198972 -0.179966 -0.081746 0.98027 
702 3.78923 2.03601 -0.712759 -0.539186 -0.448612 
703 5.74965 0.0215205 0.018528 -0.010944 0.999768 
704 6.18572 0.934647 0.800572 -0.0782752 0.594102 
705 0.219476 1.54369 0.975653 0.217639 0.0270998 
706 2.0477 1.43444 -0.454771 0.880173 0.135933 
707 5.15651 0.778242 0.301637 -0.633923 0.712149 
708 4.01317 2.92907 -0.135756 -0.161431 -0.977502 
709 1.68339 1.65879 -0.111925 0.989823 -0.0878814 
710 1.41268 1.24756 0.149305 0.936385 0.317633 
711 3.97825 2.55612 -0.37021 -0.41025 -0.83345 
712 0.262404 0.811997 0.700823 0.188239 0.688051 
713 2.97476 0.479417 -0.454858 0.0765958 0.887264 
714 5.33433 0.759996 0.401375 -0.559917 0.724839 
715 4.55841 2.5669 -0.0833714 -0.537146 -0.839359 
716 6.11862 1.51508 0.984958 -0.163573 0.0556905 
717 2.10788 1.57385 -0.511631 0.8592 -0.00305011 
718 2.59463 0.905301 -0.671851 0.409112 0.617449 
719 2.91249 2.29181 -0.73151 0.170584 -0.660147 
720 4.94336 2.65199 0.107656 -0.457788 -0.882519 
721 0.133659 0.71571 0.650301 0.0874399 0.754627 
722 0.580364 2.46559 0.523234 0.343079 -0.780079 
723 0.141352 2.23086 0.782076 0.11129 -0.613165 
724 3.789 3.01387 -0.101601 -0.0768222 -0.991855 
725 5.76695 0.0583684 0.0507333 -0.0287947 0.998297 
726 2.8285 3.13357 -0.0076354 0.00247189 -0.999968 
727 4.48197 2.25993 -0.176265 -0.751401 -0.635867 
728 4.9704 2.28874 0.192175 -0.728233 -0.657834 
729 3.98378 2.45423 -0.422471 -0.473404 -0.772921 
730 5.18712 3.13114 0.00477721 -0.0092955 -0.999945 
731 0.478908 2.88056 0.229041 0.118923 -0.966125 
732 1.07119 0.853052 0.360889 0.661216 0.657687 
733 0.216969 2.16452 0.809431 0.17843 -0.55945 
734 3.57645 0.637573 -0.539848 -0.250764 0.803543 
735 5.24218 1.72063 0.49969 -0.853245 -0.14927 
736 1.2172 1.25525 0.329182 0.891813 0.310336 
737 5.11133 1.08335 0.343202 -0.814149 0.468373 
738 3.78859 1.26672 -0.761293 -0.575137 0.299416 
739 1.79404 1.08858 -0.196151 0.863982 0.463746 
740 3.52778 3.04238 -0.0917579 -0.0373095 -0.995082 
741 4.99976 2.85519 0.0800708 -0.270918 -0.959267 
742 5.39214 1.86567 0.601468 -0.744162 -0.290618 
743 4.52145 1.96331 -0.175348 -0.907158 -0.382514 
744 5.46551 1.68701 0.679306 -0.724637 -0.115955 
745 4.33982 0.476344 -0.166911 -0.427075 0.888677 
746 3.85939 2.4534 -0.478427 -0.417748 -0.772395 
747 4.03253 1.53662 -0.628313 -0.77721 0.034165 
748 6.09805 3.10744 0.0335588 -0.00628473 -0.999417 
749 4.71153 0.848583 -0.000648271 -0.750344 0.661047 
750 4.73614 1.63007 0.0237106 -0.997962 -0.059239 
751 0.724601 0.282433 0.208675 0.184728 0.96038 
752 3.57266 1.08425 -0.803088 -0.369354 0.467576 
753 3.52191 0.0734736 -0.0681623 -0.0272499 0.997302 
754 4.55373 1.66487 -0.1573 -0.983073 -0.0939351 
755 4.33173 1.09968 -0.331057 -0.827281 0.453881 
756 3.08416 0.39935 -0.388178 0.0223199 0.921314 
757 0.821761 0.727799 0.452975 0.487177 0.74664 
758 2.75732 2.1988 -0.750189 0.303356 -0.587529 
759 4.62371 0.660171 -0.0543112 -0.610843 0.789887 
760 3.51191 3.06636 -0.0700693 -0.0272027 -0.997171 
761 2.48687 0.538607 -0.406872 0.312351 0.858424 
762 3.00519 2.53567 -0.564231 0.0774422 -0.821977 
763 4.2081 0.709867 -0.31491 -0.570603 0.758448 
764 4.05197 0.234981 -0.142825 -0.18387 0.972519 
765 1.34081 0.40498 0.0898172 0.383626 0.91911 
766 0.984238 2.83636 0.166334 0.250283 -0.953778 
767 4.68615 1.76169 -0.025763 -0.981497 -0.189737 
768 1.91896 3.05395 -0.0298634 0.0822793 -0.996162 
769 1.44217 2.11913 0.109466 0.846345 -0.521265 
770 6.04363 2.02601 0.872517 -0.213107 -0.439658 
771 0.0692341 0.935514 0.802976 0.0556823 0.593405 
772 4.55909 2.84202 -0.0450641 -0.291648 -0.955464 
773 5.17783 0.201983 0.0900388 -0.179272 0.979671 
774 5.31153 1.68929 0.559975 -0.820032 -0.118218 
775 4.34006 0.891987 -0.283139 -0.724994 0.627867 
776 3.12018 0.78256 -0.704936 0.0150955 0.709111 
777 1.61068 2.03877 -0.0355867 0.891775 -0.451077 
778 2.22101 1.58962 -0.605248 0.795815 -0.0188228 
779 3.70743 1.39215 -0.830707 -0.527589 0.177695 
780 0.61452 1.303 0.787927 0.556015 0.264609 
781 2.8075 1.6278 -0.943175 0.327375 -0.0569686 
782 1.8612 2.25292 -0.222269 0.743733 -0.630443 
783 2.34019 3.08274 -0.040921 0.0422521 -0.998269 
784 0.269083 0.88305 0.744874 0.205414 0.634798 
785 1.53588 2.28436 0.0263922 0.755571 -0.654534 
786 3.17058 1.14245 -0.909273 -0.0263625 0.415363 
787 3.00319 1.13838 -0.899274 0.125259 0.419066 
788 5.76804 2.70677 0.366579 -0.207534 -0.906945 
789 4.90527 2.54079 0.108362 -0.554826 -0.824879 
790 4.946 1.27637 0.221531 -0.930974 0.29019 
791 1.80285 0.0214335 -0.00492878 0.0208574 0.99977 
792 3.51633 0.12352 -0.114656 -0.0450965 0.992381 
793 3.7469 2.20796 -0.660973 -0.457365 -0.594922 
794 1.32414 3.08289 0.0143256 0.0568962 -0.998277 
795 5.39908 1.66466 0.631192 -0.769943 -0.0937276 
796 3.24604 0.230345 -0.227069 -0.0238041 0.973588 
797 1.52003 1.67543 0.0504658 0.99325 -0.104443 
798 0.735575 1.55349 0.741334 0.670913 0.01731 
799 6.23704 0.235009 0.232604 -0.0107423 0.972512 
800 3.59716 2.97182 -0.151724 -0.074335 -0.985624 
801 5.65852 1.35283 0.791964 -0.570991 0.216247 
802 0.198553 2.53283 0.560618 0.112799 -0.820356 
803 2.49189 1.8141 -0.77281 0.587133 -0.240913 
804 3.54514 2.78795 -0.318498 -0.135993 -0.938118 
805 3.67046 1.88055 -0.822288 -0.480546 -0.304826 
806 6.07992 0.40451 0.385466 -0.0794493 0.919295 
807 3.7392 0.214569 -0.176022 -0.119807 0.977068 
808 3.46802 0.0120904 -0.0114516 -0.00387685 0.999927 
809 2.27569 0.678402 -0.406622 0.477992 0.778577 
810 5.75914 2.19171 0.704199 -0.406992 -0.581775 
811 5.27474 2.30177 0.396961 -0.62987 -0.667597 
812 5.20596 1.8298 0.45797 -0.851273 -0.256122 
813 6.20797 2.77241 0.359837 -0.0271161 -0.932621 
814 3.93099 2.81128 -0.228422 -0.230257 -0.945941 
815 3.35363 1.02057 -0.833314 -0.17939 0.522884 
816 5.7394 0.12644 0.107914 -0.0652432 0.992017 
817 2.55512 1.66568 -0.82915 0.550939 -0.0947409 
818 1.46151 0.754494 0.0747029 0.680834 0.728618 
819 0.274657 2.28185 0.729276 0.205494 -0.652632 
820 2.95544 1.21648 -0.92168 0.173579 0.346952 
821 2.10273 2.2808 -0.384642 0.653571 -0.65184 
822 5.00724 0.728943 0.193559 -0.637338 0.745879 
823 0.159844 1.64237 0.984724 0.158757 -0.071515 
824 1.13947 1.57593 0.418069 0.908401 -0.00513041 
825 0.186798 1.71204 0.972819 0.183864 -0.14077 
826 0.940755 1.32884 0.572016 0.784466 0.239605 
827 2.69757 3.10442 -0.0335616 0.0159655 -0.999309 
828 2.80926 0.800483 -0.678424 0.234146 0.69636 
829 4.66503 2.93624 -0.00965325 -0.203685 -0.978989 
830 0.15549 0.661171 0.606634 0.0950932 0.789273 
831 1.41334 0.757357 0.107726 0.678505 0.726654 
832 4.55386 1.65128 -0.157353 -0.984265 -0.0803945 
833 3.45001 0.869768 -0.728121 -0.231968 0.645004 
834 5.91849 0.362298 0.331114 -0.126412 0.935085 
835 3.85101 1.03489 -0.652367 -0.560071 0.510624 
836 4.96928 1.65171 0.253245 -0.96402 -0.0808239 
837 4.23058 2.8104 -0.150678 -0.288151 -0.945656 
838 3.42045 2.60213 -0.493828 -0.141393 -0.857987 
839 3.91394 3.13963 -0.00140679 -0.00137054 -0.999998 
840 2.10492 1.85356 -0.488868 0.826536 -0.27901 
841 5.59014 1.87225 0.734611 -0.610073 -0.296912 
842 3.40692 0.169277 -0.162574 -0.0441768 0.985707 
843 0.685442 0.962249 0.635165 0.519376 0.571676 
844 5.47474 2.6836 0.305359 -0.31977 -0.896941 
845 1.03778 2.08078 0.443474 0.751685 -0.48816 
846 4.16861 0.456528 -0.228075 -0.377249 0.897589 
847 1.05068 2.15537 0.414459 0.723667 -0.551843 
848 3.28614 0.0999181 -0.0987117 -0.0143683 0.995012 
849 4.13817 1.47385 -0.540627 -0.835676 0.0967932 
850 0.0485244 1.5566 0.998722 0.0485005 0.0141965 
851 5.57852 1.30455 0.734986 -0.624955 0.263112 
852 2.31722 0.814921 -0.4941 0.5342 0.685926 
853 2.54302 0.304483 -0.247678 0.168925 0.954002 
854 3.47094 1.02291 -0.807747 -0.276089 0.520884 
855 2.75585 0.448932 -0.402112 0.163294 0.900911 
856 4.70088 3.0362 -0.00121074 -0.105187 -0.994452 
857 3.40678 3.124 -0.0169804 -0.00461169 -0.999845 
858 4.74151 1.41561 0.0287697 -0.987563 0.154567 
859 5.84818 1.75478 0.891562 -0.414302 -0.18295 
860 3.50246 1.63813 -0.933471 -0.352286 -0.0672846 
861 0.668728 2.24754 0.611698 0.483354 -0.626254 
862 4.41067 1.26388 -0.283275 -0.910206 0.302125 
863 4.08995 0.471247 -0.264691 -0.368853 0.891003 
864 4.2129 2.74502 -0.185011 -0.339072 -0.922389 
865 0.390956 0.905948 0.727627 0.299908 0.61694 
866 4.19172 1.14405 -0.452847 -0.789688 0.413911 
867 2.71578 0.0348509 -0.0317324 0.0143925 0.999393 
868 3.20214 1.8094 -0.96989 -0.0587945 -0.236341 
869 5.29832 1.36203 0.540966 -0.815109 0.207252 
870 4.19114 0.999889 -0.418992 -0.729669 0.540396 
871 1.77267 2.70211 -0.0853105 0.416833 -0.904971 
872 4.00636 1.99844 -0.590387 -0.692421 -0.414725 
873 3.94776 1.80419 -0.673502 -0.70207 -0.231284 
874 1.35722 0.422524 0.086915 0.400747 0.912057 
875 1.82586 1.9413 -0.235183 0.901988 -0.362085 
876 5.10817 1.90306 0.364439 -0.872231 -0.326186 
877 4.90338 0.187018 0.0352955 -0.182549 0.982563 
878 3.02877 2.01541 -0.897035 0.101639 -0.430113 
879 0.918472 0.140619 0.0850797 0.111379 0.990129 
880 2.08093 1.90581 -0.461151 0.824162 -0.32878 
881 0.511843 1.74695 0.858352 0.482206 -0.175241 
882 2.68305 0.003764 -0.00337516 0.00166612 0.999993 
883 4.70715 0.21843 -0.00113579 -0.216694 0.976239 
884 2.16952 2.98745 -0.0865283 0.126826 -0.988144 
885 5.13103 0.13366 0.0541739 -0.121754 0.991081 
886 1.97278 1.97528 -0.359677 0.846022 -0.393547 
887 6.25284 1.96317 0.923578 -0.0280391 -0.382384 
888 5.17753 2.79281 0.153291 -0.305442 -0.939791 
889 4.17985 3.01954 -0.0618124 -0.104886 -0.992561 
890 4.8256 1.53951 0.112916 -0.993112 0.0312805 
891 5.91171 0.877172 0.716488 -0.279114 0.639328 
892 4.79062 2.9504 0.014852 -0.189449 -0.981778 
893 1.00777 3.01068 0.0696763 0.110391 -0.991443 
894 1.66761 0.504963 -0.0467643 0.48151 0.875192 
895 1.1668 1.69854 0.38989 0.912006 -0.127397 
896 6.00004 0.873439 0.736019 -0.214154 0.642194 
897 2.72774 1.52546 -0.914638 0.401725 0.0453219 
898 0.87553 2.06622 0.563571 0.67556 -0.475402 
899 1.44822 1.59457 0.122235 0.992216 -0.0237714 
900 3.84391 3.09675 -0.0342218 -0.0289603 -0.998995 
901 2.5216 2.56216 -0.445644 0.318142 -0.836772 
902 3.97763 0.0629156 -0.0421513 -0.0466521 0.998021 
903 2.81139 1.02398 -0.80804 0.276958 0.519968 
904 2.37771 3.11525 -0.019022 0.0182205 -0.999653 
905 4.65291 1.34345 -0.0579135 -0.972544 0.225396 
906 5.74596 2.53707 0.488302 -0.290865 -0.822775 
907 2.20851 1.38951 -0.585606 0.790292 0.18029 
908 0.897425 3.10571 0.0223712 0.0280426 -0.999356 
909 2.92173 2.34201 -0.699806 0.156387 -0.697004 
910 0.140918 2.86796 0.267555 0.0379549 -0.962795 
911 5.53432 0.930219 0.587253 -0.545837 0.597658 
912 3.78916 1.36954 -0.781459 -0.591069 0.199901 
913 2.30557 0.479468 -0.30927 0.342281 0.88724 
914 2.85662 1.82534 -0.928746 0.272077 -0.251803 
915 3.76809 0.894475 -0.631773 -0.457249 0.625928 
916 3.32691 2.04208 -0.87573 -0.164173 -0.454031 
917 1.3163 2.66586 0.115302 0.443238 -0.888957 
918 0.64383 1.97216 0.73624 0.552558 -0.390678 
919 2.23801 2.40735 -0.41461 0.526337 -0.742339 
920 0.111899 0.690483 0.632927 0.0711206 0.770938 
921 4.00377 2.72363 -0.264154 -0.308185 -0.913917 
922 2.78206 1.60468 -0.935524 0.351634 -0.0338757 
923 6.20798 0.593468 0.557658 -0.0420201 0.829007 
924 3.77505 0.455534 -0.354586 -0.260418 0.898026 
925 1.26975 1.09149 0.263105 0.847409 0.461165 
926 2.57892 2.5483 -0.472896 0.298248 -0.829107 
927 5.84692 1.25499 0.861516 -0.401657 0.310584 
928 2.74778 0.37258 -0.336156 0.139677 0.931391 
929 1.01687 2.12764 0.446564 0.72198 -0.528512 
930 1.09766 0.758126 0.313306 0.61203 0.726126 
931 2.5712 1.66271 -0.838134 0.537685 -0.0917892 
932 1.18489 0.719608 0.248082 0.610619 0.752064 
933 3.88144 1.06414 -0.645788 -0.58948 0.485254 
934 2.22497 2.45755 -0.384535 0.501469 -0.775024 
935 4.7542 3.12615 0.000645553 -0.0154298 -0.999881 
936 2.88718 1.25903 -0.921155 0.239549 0.306741 
937 1.63139 1.0777 -0.0533467 0.879253 0.473358 
938 4.16735 1.34183 -0.504918 -0.83279 0.226976 
939 4.84847 2.5942 0.0706079 -0.515647 -0.853887 
940 6.26911 1.30309 0.964283 -0.0135753 0.264525 
941 2.74105 1.16004 -0.844253 0.357481 0.399304 
942 2.99132 2.02776 -0.887283 0.13435 -0.441225 
943 4.59633 1.9013 -0.10953 -0.939517 -0.324516 
944 0.87265 0.808811 0.465044 0.554201 0.690359 
945 0.0304826 0.240508 0.238085 0.0072597 0.971217 
946 4.37199 1.82136 -0.323438 -0.913187 -0.247947 
947 6.27584 1.38194 0.982194 -0.00721713 0.187732 
948 0.109653 1.59498 0.993703 0.109401 -0.0241802 
949 5.9254 0.604446 0.532319 -0.19902 0.822817 
950 1.63184 0.551693 -0.0319772 0.523153 0.851638 
951 2.53307 0.268292 -0.2175 0.151538 0.964225 
952 3.28717 0.952218 -0.806085 -0.118187 0.579878 
953 2.54859 0.929936 -0.664724 0.447969 0.597885 
954 3.39421 2.33291 -0.70042 -0.180798 -0.690452 
955 0.243614 1.86426 0.928983 0.230899 -0.289268 
956 0.228353 2.51622 0.570205 0.13252 -0.810743 
957 1.16357 1.65731 0.394587 0.914787 -0.0864062 
958 3.00039 1.0511 -0.859329 0.122154 0.49662 
959 2.88995 3.10369 -0.0366998 0.00943534 -0.999282 
960 4.41333 1.018 -0.250743 -0.813285 0.525068 
961 3.96038 1.6889 -0.678349 -0.72523 -0.117832 
962 3.84211 1.79685 -0.745057 -0.628215 -0.224136 
963 0.96867 1.01425 0.480917 0.699758 0.528259 
964 2.24816 0.558457 -0.332095 0.412897 0.848074 
965 0.962154 2.18054 0.468722 0.672581 -0.572656 
966 5.43206 2.34659 0.470539 -0.536842 -0.700281 
967 3.95292 2.38482 -0.472735 -0.497906 -0.727057 
968 2.13952 0.907865 -0.424484 0.664123 0.61543 
969 0.372355 1.61077 0.930729 0.36352 -0.0399619 
970 3.83953 2.98668 -0.118218 -0.099158 -0.988024 
971 2.7075 2.74611 -0.349523 0.162035 -0.92281 
972 4.83479 1.05445 0.106181 -0.863123 0.493705 
973 3.55527 1.30706 -0.88399 -0.388076 0.260689 
974 4.84284 0.0684502 0.00889712 -0.0678156 0.997658 
975 0.613022 1.39064 0.804675 0.56603 0.179186 
976 6.1768 2.35921 0.700984 -0.0748546 -0.709237 
977 5.72628 1.18171 0.785448 -0.489051 0.379343 
978 0.484949 1.64657 0.88216 0.464826 -0.0757009 
979 0.547607 2.30615 0.633152 0.386107 -0.67085 
980 3.99738 1.01321 -0.556318 -0.640721 0.529138 
981 2.38944 2.01411 -0.65963 0.617172 -0.428937 
982 0.382193 0.791244 0.659912 0.265257 0.702961 
983 0.823295 1.19007 0.63113 0.680874 0.371598 
984 5.32064 1.79317 0.557363 -0.800442 -0.220543 
985 0.237148 0.704249 0.629341 0.152109 0.762098 
986 5.98202 0.577433 0.521307 -0.161923 0.837866 
987 1.10204 1.14015 0.41053 0.810675 0.417458 
988 3.64835 1.38049 -0.858539 -0.476582 0.189157 
989 6.00875 1.91515 0.906068 -0.255096 -0.337591 
990 1.69239 0.0696767 -0.0084445 0.0691063 0.997574 
991 5.24772 1.89293 0.483888 -0.815858 -0.316589 
992 1.64702 0.253619 -0.0191077 0.25018 0.968011 
993 4.08625 0.0423474 -0.0248092 -0.0343036 0.999103 
994 1.43727 3.10874 0.00437337 0.0325581 -0.99946 
995 1.82658 0.160276 -0.0403772 0.154398 0.987183 
996 2.72521 0.291685 -0.262996 0.116309 0.957761 
997 5.25796 1.60828 0.518538 -0.854233 -0.037479 
998 4.57141 0.236176 -0.0328778 -0.231665 0.97224 
999 5.30216 0.378547 0.205545 -0.307138 0.929203 
